8900000540785
8900000540792
8900000540808
8900000540815
8900000540822
8900000540839
8900000540846
8900000540853
8900000540860
8900000540877
8900000540884
8900000540891
8900000540907
8900000540914
8900000540921
8900000540938
8900000540945
8900000540952
8900000540969
8900000540976
8900000541300
8900000541317
8900000541324
8900000541331
8900000541348
8900000541355
8900000541362
8900000541379
8900000541386
8900000541393
8900000541409
8900000541416
8900000541621
8900000541638
8900000541645
8900000541652
8900000541669
8900000541676
8900000541683
8900000541690
8900000542185
8900000542192
8900000542208
8900000542215
8900000542222
8900000542239
8900000542246
8900000542253
8900000542260
8900000542277
8900000542284
8900000542291
8900000542307
8900000542314
8900000542321
8900000542338
8900000542383
8900000542390
8900000542406
8900000542413
8900000542420
8900000542437
8900000542444
8900000542451
8900000542468
8900000542475
8900000542482
8900000542499
8900000542505
8900000542512
8900000542529
8900000542536
8900000542543
8900000542550
8900000542567
8900000542574
8900000542581
8900000542598
8900000542604
8900000542611
8900000542666
8900000542673
8900000542680
8900000542697
8900000542703
8900000542710
8900000542727
8900000542734
8900000542741
8900000542758
8900000542765
8900000542772
8900000542789
8900000542796
8900000542802
8900000542819
8900000542826
8900000542833
8900000542840
8900000542857
8900000542864
8900000542871
8900000542888
8900000542895
8900000542901
8900000542918
8900000542925
8900000542932
8900000542949
8900000542956
8900000542963
8900000542970
8900000542987
8900000542994
8900000543007
8900000543014
8900000543021
8900000543038
8900000543045
8900000543052
8900000543069
8900000543076
8900000543083
8900000543090
8900000543106
8900000543113
8900000543120
8900000543137
8900000543144
8900000543151
8900000543168
8900000543175
8900000543182
8900000543199
8900000543205
8900000543212
8900000543229
8900000543236
8900000543243
8900000543250
8900000543267
8900000543274
8900000543281
8900000543298
8900000543304
8900000543311
8900000543328
8900000543335
8900000543342
8900000543359
8900000543441
8900000543458
8900000543465
8900000543472
8900000543489
8900000543496
8900000543502
8900000543519
8900000543526
8900000543533
8900000543540
8900000543557
8900000543564
8900000543571
8900000543588
8900000543595
8900000543601
8900000543618
8900000543625
8900000543632
8900000543649
8900000543656
8900000543663
8900000543670
8900000543687
8900000543694
8900000543700
8900000543717
8900000543724
8900000543731
8900000543748
8900000543755
8900000543762
8900000543779
8900000543786
8900000543793
8900000543809
8900000543816
8900000543823
8900000543830
8900000543847
8900000543854
8900000543861
8900000543878
8900000543885
8900000543892
8900000543908
8900000543915
8900000543960
8900000543977
8900000543984
8900000543991
8900000544004
8900000544011
8900000544028
8900000544035
8900000544165
8900000544172
8900000544189
8900000544196
8900000544202
8900000544219
8900000544226
8900000544233
8900000544240
8900000544257
8900000544264
8900000544271
8900000544288
8900000544295
8900000544301
8900000544318
8900000544325
8900000544332
8900000544349
8900000544356
8900000544448
8900000544455
8900000544462
8900000544479
8900000544486
8900000544493
8900000544509
8900000544516
8900000544561
8900000544578
8900000544585
8900000544592
8900000544714
8900000544721
8900000544738
8900000544745
8900000544790
8900000544806
8900000544813
8900000544820
8900000546541
8900000546558
8900000546565
8900000546572
8900000546589
8900000546596
8900000546602
8900000546619
8900000559299
8900000559305
8900000559312
8900000559329
8900000564866
8900000564873
8900000564880
8900000564897
8900000564903
8900000564910
8900000564927
8900000564934
8900000564941
8900000564958
8900000564965
8900000564972
8900000564989
8900000564996
8900000565009
8900000565016
8900000565023
8900000565030
8900000565047
8900000565054
8900000565061
8900000565078
8900000565085
8900000565092
8900000565184
8900000565191
8900000565207
8900000565214
8900000565221
8900000565238
8900000565245
8900000565252
8900000565399
8900000565405
8900000565412
8900000565429
8900000565474
8900000565481
8900000565498
8900000565504
8900000565511
8900000565528
8900000565535
8900000565542
8900000565559
8900000565566
8900000565573
8900000565580
8900000565597
8900000565603
8900000565610
8900000565627
8900000565672
8900000565689
8900000565696
8900000565702
8900000565757
8900000565764
8900000565771
8900000565788
8900000565795
8900000565801
8900000565818
8900000565825
8900000565832
8900000565849
8900000565856
8900000565863
8900000565870
8900000565887
8900000565894
8900000565900
8900000565917
8900000565924
8900000565931
8900000565948
8900000565993
8900000566006
8900000566013
8900000566020
8900000566150
8900000566167
8900000566174
8900000566181
8900000566198
8900000566204
8900000566211
8900000566228
8900000566273
8900000566280
8900000566297
8900000566303
8900000566310
8900000566327
8900000566334
8900000566341
8900000566396
8900000566402
8900000566419
8900000566426
8900000566471
8900000566488
8900000566495
8900000566501
8900000566518
8900000566525
8900000566532
8900000566549
8900000566631
8900000566648
8900000566655
8900000566662
8900000566679
8900000566686
8900000566693
8900000566709
8900000566716
8900000566723
8900000566730
8900000566747
8900000566754
8900000566761
8900000566778
8900000566785
8900000576111
8900000576128
8900000576135
8900000577224
8900000577231
8900000577248
8900000577255
8900000577262
8900000577279
8900000577286
8900000577293
8900000577309
8900000577316
8900000577323
8900000577330
8900000577347
8900000577354
8900000577361
8900000577378
8900000577507
8900000577514
8900000577521
8900000577538
8900000578269
8900000578276
8900000578283
8900000510320
8900000510337
8900000510344
8900000510351
8900000510368
8900000510375
8900000510733
8900000510740
8900000510757
8900000510764
8900000510771
8900000510788
8900000510795
8900000540983
8900000540990
8900000541003
8900000541010
8900000541027
8900000541034
8900000541041
8900000541058
8900000541065
8900000541072
8900000541089
8900000541096
8900000541102
8900000541119
8900000541126
8900000541133
8900000541140
8900000541157
8900000541164
8900000541171
8900000541188
8900000541195
8900000541201
8900000541218
8900000541225
8900000541232
8900000541249
8900000541256
8900000541263
8900000541270
8900000541287
8900000541294
8900000541423
8900000541430
8900000541447
8900000541454
8900000541461
8900000541478
8900000541485
8900000541492
8900000541508
8900000541515
8900000541522
8900000541539
8900000541546
8900000541553
8900000541560
8900000541577
8900000541584
8900000541591
8900000541607
8900000541614
8900000542345
8900000542352
8900000542369
8900000542376
8900000542628
8900000542635
8900000542642
8900000542659
8900000543366
8900000543373
8900000543380
8900000543397
8900000543403
8900000543410
8900000543427
8900000543434
8900000543922
8900000543939
8900000543946
8900000543953
8900000544042
8900000544059
8900000544066
8900000544073
8900000544080
8900000544097
8900000544103
8900000544110
8900000544127
8900000544134
8900000544141
8900000544158
8900000544363
8900000544370
8900000544387
8900000544394
8900000544400
8900000544417
8900000544424
8900000544431
8900000544523
8900000544530
8900000544547
8900000544554
8900000544752
8900000544769
8900000544776
8900000544783
8900000545988
8900000545995
8900000546008
8900000546015
8900000546022
8900000546039
8900000546046
8900000546398
8900000546404
8900000546411
8900000546428
8900000546435
8900000546442
8900000546459
8900000551354
8900000551361
8900000551378
8900000551385
8900000551392
8900000551408
8900000551415
8900000551422
8900000551439
8900000551446
8900000551453
8900000551460
8900000551477
8900000551484
8900000551705
8900000551712
8900000551729
8900000551736
8900000551743
8900000551750
8900000551767
8900000551866
8900000551873
8900000551880
8900000551897
8900000551903
8900000551910
8900000551927
8900000552351
8900000552368
8900000552375
8900000552382
8900000552399
8900000552405
8900000552412
8900000552429
8900000552436
8900000552443
8900000552450
8900000552467
8900000552474
8900000552481
8900000552900
8900000552917
8900000552924
8900000552931
8900000552948
8900000552955
8900000552962
8900000553228
8900000553235
8900000553242
8900000553259
8900000553266
8900000553273
8900000553280
8900000554843
8900000554850
8900000554867
8900000554874
8900000554881
8900000554898
8900000554904
8900000554911
8900000554928
8900000554935
8900000554942
8900000554959
8900000554966
8900000554973
8900000554980
8900000554997
8900000555000
8900000555017
8900000555024
8900000555031
8900000555048
8900000555284
8900000555291
8900000555307
8900000555314
8900000555321
8900000555338
8900000555345
8900000555567
8900000555574
8900000555581
8900000555598
8900000555604
8900000555611
8900000555628
8900000555864
8900000555871
8900000555888
8900000555895
8900000555901
8900000555918
8900000555925
8900000556779
8900000556786
8900000556793
8900000556809
8900000556816
8900000556823
8900000556830
8900000556984
8900000556991
8900000557004
8900000557011
8900000557028
8900000557035
8900000557042
8900000559497
8900000559503
8900000559510
8900000559527
8900000559534
8900000559541
8900000559558
8900000565108
8900000565115
8900000565122
8900000565139
8900000565146
8900000565153
8900000565160
8900000565177
8900000565276
8900000565283
8900000565290
8900000565306
8900000565313
8900000565320
8900000565337
8900000565344
8900000565351
8900000565368
8900000565375
8900000565382
8900000565436
8900000565443
8900000565450
8900000565467
8900000565634
8900000565641
8900000565658
8900000565665
8900000565719
8900000565726
8900000565733
8900000565740
8900000565955
8900000565962
8900000565979
8900000565986
8900000566037
8900000566044
8900000566051
8900000566068
8900000566235
8900000566242
8900000566259
8900000566266
8900000566358
8900000566365
8900000566372
8900000566389
8900000566556
8900000566563
8900000566570
8900000566587
8900000566594
8900000566600
8900000566617
8900000566624
8900000581528
8900000535545
8900000535552
8900000535569
8900000535576
8900000535583
8900000535590
8900000535606
8900000535613
8900000535620
8900000535637
8900000535644
8900000535651
8900000535668
8900000535675
8900000535682
8900000535699
8900000535705
8900000535712
8900000535729
8900000535736
8900000535743
8900000535750
8900000535767
8900000535774
8900000535866
8900000535873
8900000535880
8900000535897
8900000535903
8900000535910
8900000535927
8900000535934
8900000536023
8900000536030
8900000536047
8900000536054
8900000536061
8900000536078
8900000536085
8900000536092
8900000536108
8900000536115
8900000536122
8900000536139
8900000536146
8900000536153
8900000536160
8900000536177
8900000536184
8900000536191
8900000536207
8900000536214
8900000536221
8900000536238
8900000536245
8900000536252
8900000536580
8900000536597
8900000536603
8900000536610
8900000536665
8900000536672
8900000536689
8900000536696
8900000536702
8900000536719
8900000536726
8900000536733
8900000536788
8900000536795
8900000536801
8900000536818
8900000536825
8900000536832
8900000536849
8900000536856
8900000536863
8900000536870
8900000536887
8900000536894
8900000536900
8900000536917
8900000536924
8900000536931
8900000536986
8900000536993
8900000537006
8900000537013
8900000537068
8900000537075
8900000537082
8900000537099
8900000537105
8900000537112
8900000537129
8900000537136
8900000537143
8900000537150
8900000537167
8900000537174
8900000537181
8900000537198
8900000537204
8900000537211
8900000537228
8900000537235
8900000537242
8900000537259
8900000537266
8900000537273
8900000537280
8900000537297
8900000537303
8900000537310
8900000537327
8900000537334
8900000537341
8900000537358
8900000537365
8900000537372
8900000537389
8900000537396
8900000537402
8900000537419
8900000537426
8900000537433
8900000537440
8900000537457
8900000537464
8900000537471
8900000537488
8900000537495
8900000537501
8900000537518
8900000537525
8900000537532
8900000537549
8900000537556
8900000537563
8900000537570
8900000537587
8900000537594
8900000537600
8900000537617
8900000537624
8900000537631
8900000537648
8900000537655
8900000537662
8900000537679
8900000537686
8900000537693
8900000537709
8900000537716
8900000537723
8900000537730
8900000537747
8900000537754
8900000537761
8900000537778
8900000537785
8900000537792
8900000537808
8900000537815
8900000537822
8900000537839
8900000537846
8900000537853
8900000537860
8900000537877
8900000537884
8900000537891
8900000537907
8900000537914
8900000537921
8900000537938
8900000537945
8900000537952
8900000537969
8900000537976
8900000537983
8900000537990
8900000538522
8900000538539
8900000538546
8900000538553
8900000538867
8900000538874
8900000538881
8900000538898
8900000538904
8900000538911
8900000538928
8900000538935
8900000538942
8900000538959
8900000538966
8900000538973
8900000538980
8900000538997
8900000539000
8900000539017
8900000539024
8900000539031
8900000539048
8900000539055
8900000539062
8900000539079
8900000539086
8900000539093
8900000539109
8900000539116
8900000539123
8900000539130
8900000539147
8900000539154
8900000539161
8900000539178
8900000539222
8900000539239
8900000539246
8900000539253
8900000539260
8900000539277
8900000539284
8900000539291
8900000539420
8900000539437
8900000539444
8900000539451
8900000539468
8900000539475
8900000539482
8900000539499
8900000539505
8900000539512
8900000539529
8900000539536
8900000539543
8900000539550
8900000539567
8900000539574
8900000539581
8900000539598
8900000539604
8900000539611
8900000539628
8900000539635
8900000539642
8900000539659
8900000539666
8900000539673
8900000539680
8900000539697
8900000539703
8900000539710
8900000539727
8900000539734
8900000539741
8900000539758
8900000539765
8900000539772
8900000539826
8900000539833
8900000539840
8900000539857
8900000539901
8900000539918
8900000539925
8900000539932
8900000540020
8900000540037
8900000540044
8900000540051
8900000540068
8900000540075
8900000540082
8900000540099
8900000540143
8900000540150
8900000540167
8900000540174
8900000540181
8900000540198
8900000540204
8900000540211
8900000540228
8900000540235
8900000540365
8900000540372
8900000540389
8900000540396
8900000540402
8900000540419
8900000540426
8900000540433
8900000540501
8900000540518
8900000540525
8900000540532
8900000540549
8900000540556
8900000540563
8900000540570
8900000540624
8900000540631
8900000540648
8900000540655
8900000542024
8900000542031
8900000542048
8900000542055
8900000542062
8900000542079
8900000542086
8900000542093
8900000542109
8900000542116
8900000542123
8900000542130
8900000542147
8900000542154
8900000542161
8900000542178
8900000544608
8900000544615
8900000544622
8900000544639
8900000544646
8900000544653
8900000544660
8900000544677
8900000544684
8900000544691
8900000544707
8900000544837
8900000544844
8900000544851
8900000544868
8900000544875
8900000544882
8900000544899
8900000544905
8900000544950
8900000544967
8900000544974
8900000544981
8900000545032
8900000545049
8900000545056
8900000545063
8900000545070
8900000545087
8900000545094
8900000545100
8900000545117
8900000545124
8900000545131
8900000545148
8900000545155
8900000545162
8900000545179
8900000545186
8900000545193
8900000545209
8900000545216
8900000545223
8900000545278
8900000545285
8900000545292
8900000545308
8900000546503
8900000546510
8900000546527
8900000546534
8900000546664
8900000546671
8900000546688
8900000546695
8900000546701
8900000546718
8900000546725
8900000546732
8900000546787
8900000546794
8900000546800
8900000546817
8900000546909
8900000546916
8900000546923
8900000546930
8900000546947
8900000546954
8900000546961
8900000546978
8900000546985
8900000546992
8900000547005
8900000547012
8900000547029
8900000547036
8900000547043
8900000547050
8900000547067
8900000547074
8900000547081
8900000547098
8900000547104
8900000547111
8900000547128
8900000547135
8900000547302
8900000547319
8900000547326
8900000547333
8900000547708
8900000547715
8900000547722
8900000547739
8900000547746
8900000547753
8900000547760
8900000547777
8900000548064
8900000548071
8900000548088
8900000548095
8900000548149
8900000548156
8900000548163
8900000548170
8900000548224
8900000548231
8900000548248
8900000548255
8900000549511
8900000549528
8900000549535
8900000549542
8900000549559
8900000549566
8900000549573
8900000549580
8900000549719
8900000549726
8900000549733
8900000549740
8900000549757
8900000549764
8900000549771
8900000549788
8900000549795
8900000549801
8900000549818
8900000549825
8900000549870
8900000549887
8900000549894
8900000549900
8900000549917
8900000549924
8900000549931
8900000549948
8900000549993
8900000550005
8900000550012
8900000550029
8900000550319
8900000550326
8900000550333
8900000550340
8900000550470
8900000550487
8900000550494
8900000550500
8900000550517
8900000550524
8900000550531
8900000550548
8900000550555
8900000550562
8900000550579
8900000550586
8900000551002
8900000551019
8900000551026
8900000551033
8900000551040
8900000551057
8900000551064
8900000552214
8900000552221
8900000552238
8900000552245
8900000552252
8900000552269
8900000552276
8900000552283
8900000552290
8900000552306
8900000552313
8900000552320
8900000552337
8900000552344
8900000554492
8900000554508
8900000554515
8900000554522
8900000554539
8900000554546
8900000554553
8900000555192
8900000555208
8900000555215
8900000555222
8900000555239
8900000555246
8900000555253
8900000561322
8900000561339
8900000561346
8900000561353
8900000561360
8900000561377
8900000561384
8900000561391
8900000561605
8900000561612
8900000561629
8900000561636
8900000561803
8900000561810
8900000561827
8900000561834
8900000561841
8900000561858
8900000561865
8900000561872
8900000561889
8900000561896
8900000561902
8900000561919
8900000561926
8900000561933
8900000561940
8900000561957
8900000561964
8900000561971
8900000561988
8900000561995
8900000562008
8900000562015
8900000562022
8900000562039
8900000562046
8900000562053
8900000562060
8900000562077
8900000562084
8900000562091
8900000562107
8900000562114
8900000562626
8900000562633
8900000562640
8900000562657
8900000562664
8900000562671
8900000562688
8900000562695
8900000562701
8900000562718
8900000562725
8900000562732
8900000562824
8900000562831
8900000562848
8900000562855
8900000562862
8900000562879
8900000562886
8900000562893
8900000562909
8900000562916
8900000562923
8900000562930
8900000562947
8900000562954
8900000562961
8900000562978
8900000563029
8900000563036
8900000563043
8900000563050
8900000563227
8900000563234
8900000563241
8900000563258
8900000563265
8900000563272
8900000563289
8900000563296
8900000563302
8900000563319
8900000563326
8900000563333
8900000563340
8900000563357
8900000563364
8900000563371
8900000563388
8900000563395
8900000563401
8900000563418
8900000564422
8900000564439
8900000564446
8900000564453
8900000564545
8900000564552
8900000564569
8900000564576
8900000564583
8900000564590
8900000564606
8900000564613
8900000564781
8900000564798
8900000564804
8900000564811
8900000564828
8900000564835
8900000564842
8900000564859
8900000565269
8900000567423
8900000567430
8900000567447
8900000567454
8900000567461
8900000567478
8900000567485
8900000567492
8900000567508
8900000567515
8900000567522
8900000567539
8900000567546
8900000567553
8900000567560
8900000567577
8900000567584
8900000567591
8900000567607
8900000567614
8900000567669
8900000567676
8900000567683
8900000567690
8900000571130
8900000571147
8900000571154
8900000571161
8900000571178
8900000571185
8900000571192
8900000571208
8900000571215
8900000571222
8900000571239
8900000571246
8900000571253
8900000571260
8900000571277
8900000571284
8900000571291
8900000571307
8900000571314
8900000571321
8900000571338
8900000571345
8900000571352
8900000571369
8900000571376
8900000571383
8900000571390
8900000571406
8900000571413
8900000571420
8900000571437
8900000571444
8900000571451
8900000571468
8900000571475
8900000571482
8900000571499
8900000571505
8900000571512
8900000571529
8900000571536
8900000571543
8900000571550
8900000571567
8900000571574
8900000571581
8900000571598
8900000571604
8900000571611
8900000571628
8900000571635
8900000571642
8900000573158
8900000573165
8900000573172
8900000573189
8900000573196
8900000573202
8900000573219
8900000573226
8900000573233
8900000573240
8900000573257
8900000573264
8900000573271
8900000573288
8900000573295
8900000573301
8900000573318
8900000573325
8900000573332
8900000573349
8900000573356
8900000573363
8900000573370
8900000573387
8900000575398
8900000575404
8900000575411
8900000575428
8900000575473
8900000575480
8900000575497
8900000575503
8900000576463
8900000576470
8900000576487
8900000576494
8900000576500
8900000576517
8900000576524
8900000576531
8900000576548
8900000576555
8900000576562
8900000576579
8900000576586
8900000576593
8900000576609
8900000576616
8900000576821
8900000576838
8900000576845
8900000576852
8900000576869
8900000576876
8900000576883
8900000576890
8900000577422
8900000577439
8900000577446
8900000577453
8900000579167
8900000579174
8900000579181
8900000579198
8900000579204
8900000579211
8900000579228
8900000579235
8900000579242
8900000579259
8900000579266
8900000579273
8900000579280
8900000579297
8900000579303
8900000579310
8900000579327
8900000579334
8900000579341
8900000579358
8900000579365
8900000579372
8900000579389
8900000579396
8900000579402
8900000579419
8900000579426
8900000579433
8900000580323
8900000580330
8900000580347
8900000580354
8900000580361
8900000580378
8900000580385
8900000580392
8900000580408
8900000580415
8900000580422
8900000580439
8900000580446
8900000580453
8900000580460
8900000581535
8900000581542
8900000581559
8900000581566
8900000581573
8900000581580
8900000581597
8900000581603
8900000581610
8900000581627
8900000581634
8900000581641
8900000588022
8900000588039
8900000588046
8900000588053
8900000588060
8900000588077
8900000588084
8900000588091
8900000588107
8900000588114
8900000588121
8900000588138
8900000588145
8900000588152
8900000588169
8900000588176
8900000588183
8900000588190
8900000588206
8900000588213
8900000588220
8900000588237
8900000588244
8900000588251
8900000588268
8900000588275
8900000588282
8900000588299
8900000588305
8900000588312
8900000588329
8900000588336
8900000588343
8900000588350
8900000588367
8900000588374
8900000588381
8900000588398
8900000588404
8900000588411
8900000588428
8900000588435
8900000588442
8900000588459
8900000588466
8900000588473
8900000588480
8900000588497
8900000588503
8900000588510
8900000588527
8900000588534
8900000588541
8900000588558
8900000588565
8900000588572
8900000588589
8900000588596
8900000588602
8900000588657
8900000588664
8900000588671
8900000588725
8900000588732
8900000588749
8900000588756
8900000588763
8900000588770
8900000588787
8900000588794
8900000588800
8900000588817
8900000588824
8900000588831
8900000588848
8900000588855
8900000588862
8900000588879
8900000588886
8900000588893
8900000588909
8900000588916
8900000588923
8900000588930
8900000588947
8900000588954
8900000588961
8900000588978
8900000588985
8900000588992
8900000589005
8900000589012
8900000589029
8900000589036
8900000521067
8900000521074
8900000521081
8900000521098
8900000521104
8900000521111
8900000521128
8900000521135
8900000535781
8900000535798
8900000535804
8900000535811
8900000535828
8900000535835
8900000535842
8900000535859
8900000535941
8900000535958
8900000535965
8900000535972
8900000535989
8900000535996
8900000536009
8900000536016
8900000536382
8900000536399
8900000536405
8900000536412
8900000536627
8900000536634
8900000536641
8900000536658
8900000538089
8900000538096
8900000538102
8900000538119
8900000538126
8900000538133
8900000538140
8900000538157
8900000538164
8900000538171
8900000538188
8900000538195
8900000538201
8900000538218
8900000538225
8900000538232
8900000538249
8900000538256
8900000538263
8900000538270
8900000538447
8900000538454
8900000538461
8900000538478
8900000538485
8900000538492
8900000538508
8900000538515
8900000538560
8900000538577
8900000538584
8900000538591
8900000538607
8900000538614
8900000538621
8900000538638
8900000538645
8900000538652
8900000538669
8900000538676
8900000538744
8900000538751
8900000538768
8900000538775
8900000538782
8900000538799
8900000538805
8900000538812
8900000538829
8900000538836
8900000538843
8900000538850
8900000539307
8900000539314
8900000539321
8900000539338
8900000539345
8900000539352
8900000539369
8900000539376
8900000539383
8900000539390
8900000539406
8900000539413
8900000539789
8900000539796
8900000539802
8900000539819
8900000539864
8900000539871
8900000539888
8900000539895
8900000539949
8900000539956
8900000539963
8900000539970
8900000540105
8900000540112
8900000540129
8900000540136
8900000540242
8900000540259
8900000540266
8900000540273
8900000540280
8900000540297
8900000540303
8900000540310
8900000540440
8900000540457
8900000540464
8900000540471
8900000540488
8900000540495
8900000541706
8900000541713
8900000541720
8900000541737
8900000541744
8900000541751
8900000541768
8900000541775
8900000544912
8900000544929
8900000544936
8900000544943
8900000546626
8900000546633
8900000546640
8900000546657
8900000546749
8900000546756
8900000546763
8900000546770
8900000546824
8900000546831
8900000546848
8900000546855
8900000546862
8900000546879
8900000546886
8900000546893
8900000547142
8900000547159
8900000547166
8900000547173
8900000547180
8900000547197
8900000547203
8900000547210
8900000547227
8900000547234
8900000547241
8900000547258
8900000547265
8900000547272
8900000547289
8900000547296
8900000547340
8900000547357
8900000547364
8900000547371
8900000547388
8900000547395
8900000547401
8900000547418
8900000547425
8900000547432
8900000547449
8900000547456
8900000547463
8900000547470
8900000547487
8900000547494
8900000547500
8900000547517
8900000547524
8900000547531
8900000547548
8900000547555
8900000547562
8900000547579
8900000547586
8900000547593
8900000547609
8900000547616
8900000547623
8900000547630
8900000547647
8900000547654
8900000547661
8900000547678
8900000547685
8900000547692
8900000547784
8900000547791
8900000547807
8900000547814
8900000547821
8900000547838
8900000547845
8900000547852
8900000547869
8900000547876
8900000547883
8900000547890
8900000547906
8900000547913
8900000547920
8900000547937
8900000547944
8900000547951
8900000547968
8900000547975
8900000547982
8900000547999
8900000548002
8900000548019
8900000548101
8900000548118
8900000548125
8900000548132
8900000548347
8900000548354
8900000548361
8900000548378
8900000548385
8900000548392
8900000548408
8900000548415
8900000548422
8900000548439
8900000548446
8900000548453
8900000548507
8900000548514
8900000548521
8900000548538
8900000548545
8900000548552
8900000548569
8900000548576
8900000548910
8900000548927
8900000548934
8900000548941
8900000548958
8900000548965
8900000548972
8900000548989
8900000548996
8900000549009
8900000549016
8900000549023
8900000549030
8900000549047
8900000549054
8900000549061
8900000549078
8900000549085
8900000549092
8900000549108
8900000549115
8900000549122
8900000549139
8900000549146
8900000549153
8900000549160
8900000549177
8900000549184
8900000549191
8900000549207
8900000549214
8900000549221
8900000549238
8900000549245
8900000549252
8900000549269
8900000549276
8900000549283
8900000549290
8900000549306
8900000549313
8900000549320
8900000549337
8900000549344
8900000549351
8900000549368
8900000549375
8900000549382
8900000549399
8900000549405
8900000549412
8900000549429
8900000549436
8900000549443
8900000549450
8900000549467
8900000549474
8900000549481
8900000549498
8900000549504
8900000549597
8900000549603
8900000549610
8900000549627
8900000549634
8900000549641
8900000549658
8900000549665
8900000549672
8900000549689
8900000549696
8900000549702
8900000550074
8900000550081
8900000550098
8900000550104
8900000550111
8900000550128
8900000550135
8900000550142
8900000550159
8900000550166
8900000550173
8900000550180
8900000550234
8900000550241
8900000550258
8900000550265
8900000550272
8900000550289
8900000550296
8900000550302
8900000550357
8900000550364
8900000550371
8900000550388
8900000550395
8900000550401
8900000550418
8900000550425
8900000550432
8900000550449
8900000550456
8900000550463
8900000550593
8900000550609
8900000550616
8900000550623
8900000550630
8900000550647
8900000550654
8900000550661
8900000550678
8900000550685
8900000550692
8900000550708
8900000550715
8900000550722
8900000550739
8900000550746
8900000550753
8900000550760
8900000550777
8900000550784
8900000561445
8900000561452
8900000561469
8900000561476
8900000561483
8900000561490
8900000561506
8900000561513
8900000561520
8900000561537
8900000561544
8900000561551
8900000561568
8900000561575
8900000561582
8900000561599
8900000561643
8900000561650
8900000561667
8900000561674
8900000561681
8900000561698
8900000561704
8900000561711
8900000561728
8900000561735
8900000561742
8900000561759
8900000561766
8900000561773
8900000561780
8900000561797
8900000562589
8900000562596
8900000562602
8900000562619
8900000563142
8900000563159
8900000563166
8900000563173
8900000563180
8900000563197
8900000563203
8900000563210
8900000563425
8900000563432
8900000563449
8900000563456
8900000563463
8900000563470
8900000563487
8900000563494
8900000563500
8900000563517
8900000563524
8900000563531
8900000564460
8900000564477
8900000564484
8900000564491
8900000564507
8900000564514
8900000564521
8900000564538
8900000564705
8900000564712
8900000564729
8900000564736
8900000564743
8900000564750
8900000564767
8900000564774
8900000566075
8900000566082
8900000566099
8900000566105
8900000566112
8900000566129
8900000566136
8900000566143
8900000567621
8900000567638
8900000567645
8900000567652
8900000575435
8900000575442
8900000575459
8900000575466
8900000577385
8900000577392
8900000577408
8900000577415
8900000581481
8900000581498
8900000581504
8900000581511
8900000588619
8900000588626
8900000588633
8900000588640
8900000588688
8900000588695
8900000588701
8900000588718
8900000527472
8900000527489
8900000527496
8900000527502
8900000527557
8900000527564
8900000527571
8900000527588
8900000536429
8900000536436
8900000536443
8900000536450
8900000536467
8900000536474
8900000536481
8900000536498
8900000536504
8900000536511
8900000536528
8900000536535
8900000536948
8900000536955
8900000536962
8900000536979
8900000537020
8900000537037
8900000537044
8900000537051
8900000538003
8900000538010
8900000538027
8900000538034
8900000538041
8900000538058
8900000538065
8900000538072
8900000538287
8900000538294
8900000538300
8900000538317
8900000538324
8900000538331
8900000538348
8900000538355
8900000538362
8900000538379
8900000538386
8900000538393
8900000538409
8900000538416
8900000538423
8900000538430
8900000538683
8900000538690
8900000541782
8900000541799
8900000541805
8900000541812
8900000541829
8900000541836
8900000541843
8900000541850
8900000544998
8900000545001
8900000545018
8900000545025
8900000545230
8900000545247
8900000545254
8900000545261
8900000545452
8900000545469
8900000545476
8900000545483
8900000545490
8900000545506
8900000545513
8900000546305
8900000546312
8900000546329
8900000546336
8900000546343
8900000546350
8900000546367
8900000548583
8900000548590
8900000548606
8900000548613
8900000549832
8900000549849
8900000549856
8900000549863
8900000549955
8900000549962
8900000549979
8900000549986
8900000550036
8900000550043
8900000550050
8900000550067
8900000551217
8900000551224
8900000551231
8900000551248
8900000551255
8900000551262
8900000551279
8900000551286
8900000551293
8900000551309
8900000551316
8900000551323
8900000551330
8900000551347
8900000551491
8900000551507
8900000551514
8900000551521
8900000551538
8900000551545
8900000551552
8900000552498
8900000552504
8900000552511
8900000552528
8900000552535
8900000552542
8900000552559
8900000552740
8900000552757
8900000552764
8900000552771
8900000552788
8900000552795
8900000552801
8900000553068
8900000553075
8900000553082
8900000553099
8900000553105
8900000553112
8900000553129
8900000554423
8900000554430
8900000554447
8900000554454
8900000554461
8900000554478
8900000554485
8900000554638
8900000554645
8900000554652
8900000554669
8900000554676
8900000554683
8900000554690
8900000555055
8900000555062
8900000555079
8900000555086
8900000555093
8900000555109
8900000555116
8900000555352
8900000555369
8900000555376
8900000555383
8900000555390
8900000555406
8900000555413
8900000555499
8900000555505
8900000555512
8900000555529
8900000555536
8900000555543
8900000555550
8900000555796
8900000555802
8900000555819
8900000555826
8900000555833
8900000555840
8900000555857
8900000556700
8900000556717
8900000556724
8900000556731
8900000556748
8900000556755
8900000556762
8900000557059
8900000557066
8900000557073
8900000557080
8900000557097
8900000557103
8900000557110
8900000557127
8900000557134
8900000557141
8900000557158
8900000557165
8900000557172
8900000557189
8900000557196
8900000557202
8900000557219
8900000557226
8900000557233
8900000557240
8900000557257
8900000557264
8900000557271
8900000557288
8900000557295
8900000557301
8900000557318
8900000557325
8900000557332
8900000557349
8900000557356
8900000557363
8900000557370
8900000557387
8900000557394
8900000557400
8900000557417
8900000557424
8900000557431
8900000557448
8900000557455
8900000557462
8900000557479
8900000557486
8900000557493
8900000557509
8900000557516
8900000557523
8900000557530
8900000559336
8900000559343
8900000559350
8900000559367
8900000559374
8900000559381
8900000559398
8900000559428
8900000559435
8900000559442
8900000559459
8900000559466
8900000559473
8900000559480
8900000559794
8900000559800
8900000559817
8900000559824
8900000559831
8900000559848
8900000559855
8900000560462
8900000560479
8900000560486
8900000560493
8900000560509
8900000560516
8900000560523
8900000562749
8900000562756
8900000562763
8900000562770
8900000562787
8900000562794
8900000562800
8900000562817
8900000562985
8900000562992
8900000563005
8900000563012
8900000563067
8900000563074
8900000563081
8900000563098
8900000563104
8900000563111
8900000563128
8900000563135
8900000577545
8900000577552
8900000577569
8900000577576
8900000579020
8900000579037
8900000579044
8900000579051
8900000579068
8900000579075
8900000579082
8900000584130
8900000584147
8900000584154
8900000584161
8900000584178
8900000584185
8900000584192
8900000584567
8900000584574
8900000584581
8900000584598
8900000584604
8900000584611
8900000584628
8900000589265
8900000589272
8900000589289
8900000589296
8900000589302
8900000589319
8900000589326
8900000522828
8900000522835
8900000522842
8900000522859
8900000522866
8900000522873
8900000522880
8900000522897
8900000523542
8900000523559
8900000523566
8900000523573
8900000523580
8900000523597
8900000523603
8900000523610
8900000523948
8900000523955
8900000523962
8900000523979
8900000523986
8900000523993
8900000524006
8900000524013
8900000524426
8900000524433
8900000524440
8900000524457
8900000524464
8900000524471
8900000524488
8900000524495
8900000525300
8900000525317
8900000525324
8900000525331
8900000525348
8900000525355
8900000525362
8900000525379
8900000526062
8900000526079
8900000526086
8900000526093
8900000526109
8900000526116
8900000526123
8900000526130
8900000526420
8900000526437
8900000526444
8900000526451
8900000526468
8900000526475
8900000526482
8900000526499
8900000529117
8900000529124
8900000529131
8900000529148
8900000529155
8900000529162
8900000529179
8900000529186
8900000532018
8900000532025
8900000532032
8900000532049
8900000532056
8900000532063
8900000532070
8900000532087
8900000532216
8900000532223
8900000532230
8900000532247
8900000532254
8900000532261
8900000532278
8900000532285
8900000533572
8900000533589
8900000533596
8900000533602
8900000533619
8900000533626
8900000533633
8900000533640
8900000536269
8900000536276
8900000536283
8900000536290
8900000536306
8900000536313
8900000536320
8900000536337
8900000536344
8900000536351
8900000536368
8900000536375
8900000536542
8900000536559
8900000536566
8900000536573
8900000540327
8900000540334
8900000540341
8900000540358
8900000540587
8900000540594
8900000540600
8900000540617
8900000545599
8900000545605
8900000545612
8900000545629
8900000545636
8900000545643
8900000545650
8900000545803
8900000545810
8900000545827
8900000545834
8900000545841
8900000545858
8900000545865
8900000546053
8900000546060
8900000546077
8900000546084
8900000546091
8900000546107
8900000546114
8900000546466
8900000546473
8900000546480
8900000546497
8900000548026
8900000548033
8900000548040
8900000548057
8900000548262
8900000548279
8900000548286
8900000548293
8900000548309
8900000548316
8900000548323
8900000548330
8900000548460
8900000548477
8900000548484
8900000548491
8900000548620
8900000548637
8900000548644
8900000548651
8900000550197
8900000550203
8900000550210
8900000550227
8900000550791
8900000550807
8900000550814
8900000550821
8900000550838
8900000550845
8900000550852
8900000550937
8900000550944
8900000550951
8900000550968
8900000550975
8900000550982
8900000550999
8900000551637
8900000551644
8900000551651
8900000551668
8900000551675
8900000551682
8900000551699
8900000551798
8900000551804
8900000551811
8900000551828
8900000551835
8900000551842
8900000551859
8900000551934
8900000551941
8900000551958
8900000551965
8900000551972
8900000551989
8900000551996
8900000552009
8900000552016
8900000552023
8900000552030
8900000552047
8900000552054
8900000552061
8900000552078
8900000552085
8900000552092
8900000552108
8900000552115
8900000552122
8900000552139
8900000552566
8900000552573
8900000552580
8900000552597
8900000552603
8900000552610
8900000552627
8900000552832
8900000552849
8900000552856
8900000552863
8900000552870
8900000552887
8900000552894
8900000552979
8900000552986
8900000552993
8900000553006
8900000553013
8900000553020
8900000553037
8900000553570
8900000553587
8900000553594
8900000553600
8900000553617
8900000553624
8900000553631
8900000553648
8900000554706
8900000554713
8900000554720
8900000554737
8900000554744
8900000554751
8900000554768
8900000555932
8900000555949
8900000555956
8900000555963
8900000555970
8900000555987
8900000555994
8900000556427
8900000556434
8900000556441
8900000556458
8900000556465
8900000556472
8900000556489
8900000556847
8900000556854
8900000556861
8900000556878
8900000556885
8900000556892
8900000556908
8900000556915
8900000556922
8900000556939
8900000556946
8900000556953
8900000556960
8900000556977
8900000558032
8900000558049
8900000558056
8900000558063
8900000558070
8900000558087
8900000558094
8900000558100
8900000558117
8900000558124
8900000558131
8900000558148
8900000558155
8900000558162
8900000558179
8900000558186
8900000558193
8900000558209
8900000558216
8900000558223
8900000558230
8900000558452
8900000558469
8900000558476
8900000558483
8900000558490
8900000558506
8900000558513
8900000558667
8900000558674
8900000558681
8900000558698
8900000558704
8900000558711
8900000558728
8900000558735
8900000558742
8900000558759
8900000558766
8900000558773
8900000558780
8900000558797
8900000558803
8900000558810
8900000558827
8900000558834
8900000558841
8900000558858
8900000558865
8900000559190
8900000559206
8900000559701
8900000559718
8900000559725
8900000559732
8900000559749
8900000559756
8900000559763
8900000560165
8900000560172
8900000560189
8900000560196
8900000560202
8900000560219
8900000560226
8900000560233
8900000560240
8900000560257
8900000560264
8900000560271
8900000560288
8900000560295
8900000560370
8900000560387
8900000560394
8900000560400
8900000560417
8900000560424
8900000560431
8900000564385
8900000564392
8900000564408
8900000564415
8900000567706
8900000567713
8900000567720
8900000567737
8900000567744
8900000567751
8900000567768
8900000567843
8900000567850
8900000567867
8900000567874
8900000567881
8900000567898
8900000567904
8900000568819
8900000568826
8900000568833
8900000568840
8900000568857
8900000568864
8900000568871
8900000568888
8900000570508
8900000570515
8900000570522
8900000570539
8900000570546
8900000570553
8900000570560
8900000570577
8900000570584
8900000570591
8900000570607
8900000573837
8900000573844
8900000573851
8900000573868
8900000573875
8900000573882
8900000573899
8900000573905
8900000573912
8900000573929
8900000573936
8900000573943
8900000573950
8900000573967
8900000573974
8900000573981
8900000573998
8900000574001
8900000574018
8900000574025
8900000574032
8900000574483
8900000574490
8900000574506
8900000574513
8900000574520
8900000574537
8900000574544
8900000574681
8900000574698
8900000574704
8900000574711
8900000574728
8900000574735
8900000574742
8900000575510
8900000575527
8900000575534
8900000575541
8900000575558
8900000575565
8900000575572
8900000575589
8900000575831
8900000575848
8900000575855
8900000575862
8900000576623
8900000576630
8900000576647
8900000576654
8900000576661
8900000576678
8900000576685
8900000576692
8900000577149
8900000577156
8900000577163
8900000577170
8900000577187
8900000577194
8900000577200
8900000577217
8900000578948
8900000578955
8900000578962
8900000578979
8900000578986
8900000578993
8900000579006
8900000579099
8900000579105
8900000579112
8900000579129
8900000579136
8900000579143
8900000579150
8900000580576
8900000580583
8900000580590
8900000580606
8900000580613
8900000580620
8900000580637
8900000580644
8900000580651
8900000580873
8900000580880
8900000580897
8900000580903
8900000580910
8900000580927
8900000580934
8900000580941
8900000582013
8900000582020
8900000582037
8900000582044
8900000582136
8900000582143
8900000582150
8900000584406
8900000584413
8900000584420
8900000584437
8900000584444
8900000584451
8900000584468
8900000585823
8900000585830
8900000585847
8900000585854
8900000585861
8900000585878
8900000585885
8900000587827
8900000587834
8900000587841
8900000587858
8900000587865
8900000587872
8900000587889
8900000587896
8900000519385
8900000519392
8900000519408
8900000519415
8900000519422
8900000519439
8900000519446
8900000519453
8900000519460
8900000519477
8900000519484
8900000519491
8900000519507
8900000519514
8900000519521
8900000519538
8900000519545
8900000519552
8900000519569
8900000519576
8900000519583
8900000519590
8900000519606
8900000519613
8900000519620
8900000519637
8900000519644
8900000519651
8900000519668
8900000519675
8900000519682
8900000519699
8900000519781
8900000519798
8900000519804
8900000519811
8900000519828
8900000519835
8900000519842
8900000519859
8900000519866
8900000519873
8900000519880
8900000519897
8900000519903
8900000519910
8900000519927
8900000519934
8900000520268
8900000520275
8900000520282
8900000520299
8900000520305
8900000520312
8900000520329
8900000520336
8900000520589
8900000520596
8900000520602
8900000520619
8900000520626
8900000520633
8900000520640
8900000520657
8900000520909
8900000520916
8900000520923
8900000520930
8900000520947
8900000520954
8900000520961
8900000520978
8900000520985
8900000520992
8900000521005
8900000521012
8900000521029
8900000521036
8900000521043
8900000521050
8900000521227
8900000521234
8900000521241
8900000521258
8900000521265
8900000521272
8900000521289
8900000521296
8900000528714
8900000528721
8900000528738
8900000528745
8900000528752
8900000528769
8900000528776
8900000528783
8900000530939
8900000530946
8900000530953
8900000530960
8900000530977
8900000530984
8900000530991
8900000531004
8900000534944
8900000534951
8900000534968
8900000534975
8900000538706
8900000538713
8900000538720
8900000538737
8900000539987
8900000539994
8900000540006
8900000540013
8900000548187
8900000548194
8900000548200
8900000548217
8900000557547
8900000557554
8900000557561
8900000557578
8900000557585
8900000557592
8900000557608
8900000557615
8900000557622
8900000557639
8900000557646
8900000557653
8900000557660
8900000557677
8900000557684
8900000557691
8900000557707
8900000557714
8900000557721
8900000557738
8900000557745
8900000557820
8900000557837
8900000557844
8900000557851
8900000557868
8900000557875
8900000557882
8900000557899
8900000557905
8900000557912
8900000557929
8900000557936
8900000557943
8900000557950
8900000557967
8900000557974
8900000557981
8900000557998
8900000558001
8900000558018
8900000558025
8900000558315
8900000558322
8900000558339
8900000558346
8900000558353
8900000558360
8900000558377
8900000558520
8900000558537
8900000558544
8900000558551
8900000558568
8900000558575
8900000558582
8900000558872
8900000558889
8900000558896
8900000558902
8900000558919
8900000558926
8900000558933
8900000558940
8900000558957
8900000558964
8900000558971
8900000558988
8900000558995
8900000559008
8900000559015
8900000559022
8900000559039
8900000559046
8900000559053
8900000559060
8900000559077
8900000559084
8900000559091
8900000559107
8900000559114
8900000559121
8900000559138
8900000559145
8900000560097
8900000560103
8900000560110
8900000560127
8900000560134
8900000560141
8900000560158
8900000560301
8900000560318
8900000560325
8900000560332
8900000560349
8900000560356
8900000560363
8900000562510
8900000562527
8900000562534
8900000562541
8900000562558
8900000562565
8900000562572
8900000564620
8900000564637
8900000564644
8900000564651
8900000564668
8900000564675
8900000564682
8900000564699
8900000567911
8900000567928
8900000567935
8900000567942
8900000567959
8900000567966
8900000567973
8900000574384
8900000574391
8900000574599
8900000574605
8900000579013
8900000580682
8900000520824
8900000520831
8900000520848
8900000520855
8900000520862
8900000520879
8900000520886
8900000520893
8900000523382
8900000523399
8900000523405
8900000523412
8900000523429
8900000523436
8900000523443
8900000523450
8900000523627
8900000523634
8900000523641
8900000523658
8900000523665
8900000523672
8900000523689
8900000523696
8900000524266
8900000524273
8900000524280
8900000524297
8900000524303
8900000524310
8900000524327
8900000524334
8900000524501
8900000524518
8900000524525
8900000524532
8900000524549
8900000524556
8900000524563
8900000524570
8900000525621
8900000525638
8900000525645
8900000525652
8900000525669
8900000525676
8900000525683
8900000525690
8900000525706
8900000525713
8900000525720
8900000525737
8900000526147
8900000526154
8900000526161
8900000526178
8900000526185
8900000526192
8900000526208
8900000526215
8900000526222
8900000526239
8900000526246
8900000526253
8900000526987
8900000526994
8900000527007
8900000527014
8900000527021
8900000527038
8900000527045
8900000527052
8900000527069
8900000527076
8900000527083
8900000527090
8900000529193
8900000529209
8900000529216
8900000529223
8900000529230
8900000529247
8900000529254
8900000529261
8900000531493
8900000531509
8900000531516
8900000531523
8900000531530
8900000531547
8900000531554
8900000531561
8900000531653
8900000531660
8900000531677
8900000531684
8900000531691
8900000531707
8900000531714
8900000531721
8900000531813
8900000531820
8900000531837
8900000531844
8900000531899
8900000531905
8900000531912
8900000531929
8900000531936
8900000531943
8900000531950
8900000531967
8900000532179
8900000532186
8900000532193
8900000532209
8900000532377
8900000532384
8900000532391
8900000532407
8900000532414
8900000532421
8900000532438
8900000532445
8900000532537
8900000532544
8900000532551
8900000532568
8900000532575
8900000532582
8900000532599
8900000532605
8900000532698
8900000532704
8900000532711
8900000532728
8900000532735
8900000532742
8900000532759
8900000532766
8900000532773
8900000532780
8900000532797
8900000532803
8900000532810
8900000532827
8900000532834
8900000532841
8900000532933
8900000532940
8900000532957
8900000532964
8900000532971
8900000532988
8900000532995
8900000533008
8900000533015
8900000533022
8900000533039
8900000533046
8900000533053
8900000533060
8900000533077
8900000533084
8900000533091
8900000533107
8900000533114
8900000533121
8900000533251
8900000533268
8900000533275
8900000533282
8900000533299
8900000533305
8900000533312
8900000533329
8900000533336
8900000533343
8900000533350
8900000533367
8900000533374
8900000533381
8900000533398
8900000533404
8900000533411
8900000533428
8900000533435
8900000533442
8900000533459
8900000533466
8900000533473
8900000533480
8900000533855
8900000533862
8900000533879
8900000533886
8900000533893
8900000533909
8900000533916
8900000533923
8900000533930
8900000533947
8900000533954
8900000533961
8900000533978
8900000533985
8900000533992
8900000534005
8900000534111
8900000534128
8900000534135
8900000534142
8900000534159
8900000534166
8900000534173
8900000534180
8900000534197
8900000534203
8900000534210
8900000534227
8900000534234
8900000534241
8900000534258
8900000534265
8900000534388
8900000534395
8900000534401
8900000534418
8900000534425
8900000534432
8900000534449
8900000534456
8900000534463
8900000534470
8900000534487
8900000534494
8900000534500
8900000534517
8900000534524
8900000534531
8900000534548
8900000534555
8900000534562
8900000534579
8900000534586
8900000534593
8900000534609
8900000534616
8900000534623
8900000534630
8900000534647
8900000534654
8900000534661
8900000534678
8900000534685
8900000534692
8900000534821
8900000534838
8900000534845
8900000534852
8900000534869
8900000534876
8900000534883
8900000534890
8900000534906
8900000534913
8900000534920
8900000534937
8900000535101
8900000535118
8900000535125
8900000535132
8900000535149
8900000535156
8900000535163
8900000535170
8900000535187
8900000535194
8900000535200
8900000535217
8900000535224
8900000535231
8900000535248
8900000535255
8900000535385
8900000535392
8900000535408
8900000535415
8900000535422
8900000535439
8900000535446
8900000535453
8900000535460
8900000535477
8900000535484
8900000535491
8900000535507
8900000535514
8900000535521
8900000535538
8900000536740
8900000536757
8900000536764
8900000536771
8900000539185
8900000539192
8900000539208
8900000539215
8900000545384
8900000545391
8900000545407
8900000545414
8900000545421
8900000545438
8900000545445
8900000545520
8900000545537
8900000545544
8900000545551
8900000545568
8900000545575
8900000545582
8900000546237
8900000546244
8900000546251
8900000546268
8900000546275
8900000546282
8900000546299
8900000550869
8900000550876
8900000550883
8900000550890
8900000550906
8900000550913
8900000550920
8900000553815
8900000553822
8900000553839
8900000553846
8900000553853
8900000553860
8900000553877
8900000553884
8900000556076
8900000556083
8900000556090
8900000556106
8900000556113
8900000556120
8900000556137
8900000557752
8900000557769
8900000557776
8900000557783
8900000557790
8900000557806
8900000557813
8900000558384
8900000558391
8900000558407
8900000558414
8900000558421
8900000558438
8900000558445
8900000559152
8900000559169
8900000559176
8900000559183
8900000559862
8900000559879
8900000559886
8900000559893
8900000559909
8900000559916
8900000559923
8900000560028
8900000560035
8900000560042
8900000560059
8900000560066
8900000560073
8900000560080
8900000560776
8900000560783
8900000560790
8900000560806
8900000560813
8900000560820
8900000560837
8900000560844
8900000560936
8900000560943
8900000560950
8900000560967
8900000560974
8900000560981
8900000560998
8900000561001
8900000567775
8900000567782
8900000567799
8900000567805
8900000567812
8900000567829
8900000567836
8900000568376
8900000568383
8900000568390
8900000568406
8900000568413
8900000568420
8900000568437
8900000568444
8900000568611
8900000568628
8900000568635
8900000568642
8900000568659
8900000568666
8900000568673
8900000568680
8900000568895
8900000568901
8900000568918
8900000568925
8900000568932
8900000568949
8900000568956
8900000568963
8900000569090
8900000569106
8900000569113
8900000569120
8900000569137
8900000569144
8900000569151
8900000569168
8900000569175
8900000569182
8900000569199
8900000569205
8900000569212
8900000569229
8900000569236
8900000569243
8900000570614
8900000570621
8900000573554
8900000573561
8900000573578
8900000573585
8900000573592
8900000573608
8900000573615
8900000573622
8900000573639
8900000573646
8900000573653
8900000573660
8900000573677
8900000573684
8900000573691
8900000573707
8900000573714
8900000573721
8900000573738
8900000573745
8900000575671
8900000575688
8900000575695
8900000575701
8900000575718
8900000575725
8900000575732
8900000575749
8900000575756
8900000575763
8900000575770
8900000575787
8900000575794
8900000575800
8900000575817
8900000575824
8900000575879
8900000575886
8900000575893
8900000575909
8900000576036
8900000576043
8900000576050
8900000576067
8900000576074
8900000576081
8900000576098
8900000576104
8900000576708
8900000576715
8900000576722
8900000576739
8900000577460
8900000577477
8900000577484
8900000577491
8900000579488
8900000579495
8900000579501
8900000579518
8900000579525
8900000579532
8900000579549
8900000579556
8900000579723
8900000579730
8900000579747
8900000579754
8900000579761
8900000579778
8900000579785
8900000579792
8900000580538
8900000580545
8900000580552
8900000580569
8900000581238
8900000581245
8900000581252
8900000581269
8900000581276
8900000581283
8900000581375
8900000587568
8900000587575
8900000587582
8900000587599
8900000521302
8900000521319
8900000521326
8900000521333
8900000521340
8900000521357
8900000521364
8900000521371
8900000521623
8900000521630
8900000521647
8900000521654
8900000521661
8900000521678
8900000521685
8900000521692
8900000521708
8900000521715
8900000521722
8900000521739
8900000521746
8900000521753
8900000521760
8900000521777
8900000521784
8900000521791
8900000521807
8900000521814
8900000521821
8900000521838
8900000521845
8900000521852
8900000521944
8900000521951
8900000521968
8900000521975
8900000521982
8900000521999
8900000522002
8900000522019
8900000522026
8900000522033
8900000522040
8900000522057
8900000522064
8900000522071
8900000522088
8900000522095
8900000522347
8900000522354
8900000522361
8900000522378
8900000522385
8900000522392
8900000522408
8900000522415
8900000522422
8900000522439
8900000522446
8900000522453
8900000522460
8900000522477
8900000522484
8900000522491
8900000522583
8900000522590
8900000522606
8900000522613
8900000522620
8900000522637
8900000522644
8900000522651
8900000522668
8900000522675
8900000522682
8900000522699
8900000522705
8900000522712
8900000522729
8900000522736
8900000522903
8900000522910
8900000522927
8900000522934
8900000522941
8900000522958
8900000522965
8900000522972
8900000522989
8900000522996
8900000523009
8900000523016
8900000523023
8900000523030
8900000523047
8900000523054
8900000523061
8900000523078
8900000523085
8900000523092
8900000523108
8900000523115
8900000523122
8900000523139
8900000523467
8900000523474
8900000523481
8900000523498
8900000523504
8900000523511
8900000523528
8900000523535
8900000523702
8900000523719
8900000523726
8900000523733
8900000523740
8900000523757
8900000523764
8900000523771
8900000524020
8900000524037
8900000524044
8900000524051
8900000524068
8900000524075
8900000524082
8900000524099
8900000524341
8900000524358
8900000524365
8900000524372
8900000524389
8900000524396
8900000524402
8900000524419
8900000525225
8900000525232
8900000525249
8900000525256
8900000525263
8900000525270
8900000525287
8900000525294
8900000525386
8900000525393
8900000525409
8900000525416
8900000525461
8900000525478
8900000525485
8900000525492
8900000525508
8900000525515
8900000525522
8900000525539
8900000525546
8900000525553
8900000525560
8900000525577
8900000525584
8900000525591
8900000525607
8900000525614
8900000525744
8900000525751
8900000525768
8900000525775
8900000525782
8900000525799
8900000525805
8900000525812
8900000525980
8900000525997
8900000526000
8900000526017
8900000526024
8900000526031
8900000526048
8900000526055
8900000526345
8900000526352
8900000526369
8900000526376
8900000526383
8900000526390
8900000526406
8900000526413
8900000527595
8900000527601
8900000527618
8900000527625
8900000527632
8900000527649
8900000527656
8900000527663
8900000527915
8900000527922
8900000527939
8900000527946
8900000527953
8900000527960
8900000527977
8900000527984
8900000527991
8900000528004
8900000528011
8900000528028
8900000528035
8900000528042
8900000528059
8900000528066
8900000528196
8900000528202
8900000528219
8900000528226
8900000528233
8900000528240
8900000528257
8900000528264
8900000528271
8900000528288
8900000528295
8900000528301
8900000528318
8900000528325
8900000528332
8900000528349
8900000528356
8900000528363
8900000528370
8900000528387
8900000528554
8900000528561
8900000528578
8900000528585
8900000528592
8900000528608
8900000528615
8900000528622
8900000529032
8900000529049
8900000529056
8900000529063
8900000529070
8900000529087
8900000529094
8900000529100
8900000530052
8900000530069
8900000530076
8900000530083
8900000530090
8900000530106
8900000530113
8900000530120
8900000530212
8900000530229
8900000530236
8900000530243
8900000530250
8900000530267
8900000530274
8900000530281
8900000530298
8900000530304
8900000530311
8900000530328
8900000530335
8900000530342
8900000530359
8900000530366
8900000531011
8900000531028
8900000531035
8900000531042
8900000531059
8900000531066
8900000531073
8900000531080
8900000531578
8900000531585
8900000531592
8900000531608
8900000531615
8900000531622
8900000531639
8900000531646
8900000531851
8900000531868
8900000531875
8900000531882
8900000532858
8900000532865
8900000532872
8900000532889
8900000532896
8900000532902
8900000532919
8900000532926
8900000533138
8900000533145
8900000533152
8900000533169
8900000533176
8900000533183
8900000533190
8900000533206
8900000533213
8900000533220
8900000533237
8900000533244
8900000533497
8900000533503
8900000533510
8900000533527
8900000533534
8900000533541
8900000533558
8900000533565
8900000533657
8900000533664
8900000533671
8900000533688
8900000533695
8900000533701
8900000533718
8900000533725
8900000533732
8900000533749
8900000533756
8900000533763
8900000534012
8900000534029
8900000534272
8900000534289
8900000534296
8900000534302
8900000534319
8900000534326
8900000534333
8900000534340
8900000534357
8900000534364
8900000534371
8900000534746
8900000534753
8900000534760
8900000534777
8900000534784
8900000534791
8900000534807
8900000534814
8900000534982
8900000534999
8900000535002
8900000535019
8900000535026
8900000535033
8900000535040
8900000535057
8900000535064
8900000535071
8900000535088
8900000535095
8900000535309
8900000535316
8900000535323
8900000535330
8900000535347
8900000535354
8900000535361
8900000535378
8900000553297
8900000553303
8900000553310
8900000553327
8900000553334
8900000553341
8900000553358
8900000553365
8900000553372
8900000553389
8900000553396
8900000553402
8900000553419
8900000553426
8900000553433
8900000553440
8900000553532
8900000553549
8900000553556
8900000553563
8900000554058
8900000554065
8900000554072
8900000554089
8900000554133
8900000554140
8900000554157
8900000554164
8900000554171
8900000554188
8900000554195
8900000554201
8900000558247
8900000558254
8900000558261
8900000558278
8900000558285
8900000558292
8900000558308
8900000564101
8900000564118
8900000564125
8900000564132
8900000564149
8900000564156
8900000564163
8900000564170
8900000564262
8900000564279
8900000564286
8900000564293
8900000568451
8900000568468
8900000568475
8900000568482
8900000568499
8900000568505
8900000568512
8900000568529
8900000568536
8900000568543
8900000568550
8900000568567
8900000568574
8900000568581
8900000568598
8900000568604
8900000568697
8900000568703
8900000568710
8900000568727
8900000568734
8900000568741
8900000568758
8900000568765
8900000568970
8900000568987
8900000568994
8900000569007
8900000569014
8900000569021
8900000569038
8900000569045
8900000569250
8900000569267
8900000569274
8900000569281
8900000569298
8900000569304
8900000569311
8900000569328
8900000569496
8900000569502
8900000569519
8900000569526
8900000569533
8900000569540
8900000569557
8900000569564
8900000571659
8900000571666
8900000571673
8900000571680
8900000571697
8900000571703
8900000571710
8900000571727
8900000571734
8900000571741
8900000571758
8900000571765
8900000571772
8900000571789
8900000571796
8900000571802
8900000571819
8900000571826
8900000571833
8900000571840
8900000571857
8900000571864
8900000571871
8900000571888
8900000573394
8900000573400
8900000573417
8900000573424
8900000573431
8900000573448
8900000573455
8900000573462
8900000573479
8900000573486
8900000573493
8900000573509
8900000573516
8900000573523
8900000573530
8900000573547
8900000575916
8900000575923
8900000575930
8900000575947
8900000576746
8900000576753
8900000576760
8900000576777
8900000576784
8900000576791
8900000576807
8900000576814
8900000579563
8900000579570
8900000579587
8900000579594
8900000579600
8900000579617
8900000579624
8900000579631
8900000579648
8900000579655
8900000579662
8900000579679
8900000579808
8900000579815
8900000579822
8900000579839
8900000579846
8900000579853
8900000579860
8900000579877
8900000580477
8900000580484
8900000581337
8900000581344
8900000581351
8900000581368
8900000581382
8900000581399
8900000581405
8900000581412
8900000581429
8900000581436
8900000581443
8900000581450
8900000581474
8900000587285
8900000587292
8900000587308
8900000587315
8900000587407
8900000587414
8900000587421
8900000587438
8900000587445
8900000587452
8900000587469
8900000587476
8900000587605
8900000587612
8900000587629
8900000587636
8900000587643
8900000587650
8900000587704
8900000587711
8900000587728
8900000587735
8900000587742
8900000587759
8900000587766
8900000587773
8900000587902
8900000587919
8900000587926
8900000587933
8900000519705
8900000519712
8900000519729
8900000519736
8900000519743
8900000519750
8900000519767
8900000519774
8900000519941
8900000519958
8900000519965
8900000519972
8900000519989
8900000519996
8900000520008
8900000520015
8900000520022
8900000520039
8900000520046
8900000520053
8900000520060
8900000520077
8900000520084
8900000520091
8900000520107
8900000520114
8900000520121
8900000520138
8900000520145
8900000520152
8900000520169
8900000520176
8900000520343
8900000520350
8900000520367
8900000520374
8900000520381
8900000520398
8900000520404
8900000520411
8900000520503
8900000520510
8900000520527
8900000520534
8900000520541
8900000520558
8900000520565
8900000520572
8900000520664
8900000520671
8900000520688
8900000520695
8900000520701
8900000520718
8900000520725
8900000520732
8900000520749
8900000520756
8900000520763
8900000520770
8900000520787
8900000520794
8900000520800
8900000520817
8900000521388
8900000521395
8900000521401
8900000521418
8900000521425
8900000521432
8900000521449
8900000521456
8900000521463
8900000521470
8900000521487
8900000521494
8900000521500
8900000521517
8900000521524
8900000521531
8900000521869
8900000521876
8900000521883
8900000521890
8900000521906
8900000521913
8900000521920
8900000521937
8900000522187
8900000522194
8900000522200
8900000522217
8900000522224
8900000522231
8900000522248
8900000522255
8900000522262
8900000522279
8900000522286
8900000522293
8900000522309
8900000522316
8900000522323
8900000522330
8900000522507
8900000522514
8900000522521
8900000522538
8900000522545
8900000522552
8900000522569
8900000522576
8900000522743
8900000522750
8900000522767
8900000522774
8900000522781
8900000522798
8900000522804
8900000522811
8900000523221
8900000523238
8900000523245
8900000523252
8900000523269
8900000523276
8900000523283
8900000523290
8900000523306
8900000523313
8900000523320
8900000523337
8900000523344
8900000523351
8900000523368
8900000523375
8900000523863
8900000523870
8900000523887
8900000523894
8900000523900
8900000523917
8900000523924
8900000523931
8900000524105
8900000524112
8900000524129
8900000524136
8900000524143
8900000524150
8900000524167
8900000524174
8900000524662
8900000524679
8900000524686
8900000524693
8900000524822
8900000524839
8900000524846
8900000524853
8900000524860
8900000524877
8900000524884
8900000524891
8900000524907
8900000524914
8900000524921
8900000524938
8900000524945
8900000524952
8900000524969
8900000524976
8900000524983
8900000524990
8900000525003
8900000525010
8900000525065
8900000525072
8900000525089
8900000525096
8900000525140
8900000525157
8900000525164
8900000525171
8900000525188
8900000525195
8900000525201
8900000525218
8900000525904
8900000525911
8900000525928
8900000525935
8900000525942
8900000525959
8900000525966
8900000525973
8900000526505
8900000526512
8900000526529
8900000526536
8900000526543
8900000526550
8900000526567
8900000526574
8900000526581
8900000526598
8900000526604
8900000526611
8900000526741
8900000526758
8900000526765
8900000526772
8900000526789
8900000526796
8900000526802
8900000526819
8900000526826
8900000526833
8900000526840
8900000526857
8900000526864
8900000526871
8900000526888
8900000526895
8900000527434
8900000527441
8900000527458
8900000527465
8900000527519
8900000527526
8900000527533
8900000527540
8900000527670
8900000527687
8900000527694
8900000527700
8900000528073
8900000528080
8900000528097
8900000528103
8900000528479
8900000528486
8900000528493
8900000528509
8900000528516
8900000528523
8900000528530
8900000528547
8900000528875
8900000528882
8900000528899
8900000528905
8900000528912
8900000528929
8900000528936
8900000528943
8900000530373
8900000530380
8900000530397
8900000530403
8900000530410
8900000530427
8900000530434
8900000530441
8900000530533
8900000530540
8900000530557
8900000530564
8900000530571
8900000530588
8900000530595
8900000530601
8900000530618
8900000530625
8900000530632
8900000530649
8900000530656
8900000530663
8900000530670
8900000530687
8900000530694
8900000530700
8900000530717
8900000530724
8900000530731
8900000530748
8900000530755
8900000530762
8900000530779
8900000530786
8900000530793
8900000530809
8900000530816
8900000530823
8900000530830
8900000530847
8900000530854
8900000530861
8900000530878
8900000530885
8900000530892
8900000530908
8900000530915
8900000530922
8900000531097
8900000531103
8900000531110
8900000531127
8900000531134
8900000531141
8900000531158
8900000531165
8900000531172
8900000531189
8900000531196
8900000531202
8900000531219
8900000531226
8900000531233
8900000531240
8900000531257
8900000531264
8900000531271
8900000531288
8900000531295
8900000531301
8900000531318
8900000531325
8900000531332
8900000531349
8900000531356
8900000531363
8900000531370
8900000531387
8900000531394
8900000531400
8900000531417
8900000531424
8900000531431
8900000531448
8900000531455
8900000531462
8900000531479
8900000531486
8900000533770
8900000533787
8900000533794
8900000533800
8900000533817
8900000533824
8900000533831
8900000533848
8900000534708
8900000534715
8900000534722
8900000534739
8900000545315
8900000545322
8900000545339
8900000545346
8900000545353
8900000545360
8900000545377
8900000545667
8900000545674
8900000545681
8900000545698
8900000545704
8900000545711
8900000545728
8900000545735
8900000545742
8900000545759
8900000545766
8900000545773
8900000545780
8900000545797
8900000545896
8900000545902
8900000545919
8900000545926
8900000545933
8900000545940
8900000545957
8900000551071
8900000551088
8900000551095
8900000551101
8900000551118
8900000551125
8900000551132
8900000551149
8900000551156
8900000551163
8900000551170
8900000551187
8900000551194
8900000551200
8900000552146
8900000552153
8900000552160
8900000552177
8900000552184
8900000552191
8900000552207
8900000552658
8900000552665
8900000552672
8900000552689
8900000552696
8900000552702
8900000552719
8900000553150
8900000553167
8900000553174
8900000553181
8900000553198
8900000553204
8900000553211
8900000553655
8900000553662
8900000553679
8900000553686
8900000553693
8900000553709
8900000553716
8900000553723
8900000553891
8900000553907
8900000553914
8900000553921
8900000553938
8900000553945
8900000553952
8900000553969
8900000553976
8900000553983
8900000553990
8900000554003
8900000554010
8900000554027
8900000554034
8900000554041
8900000554096
8900000554102
8900000554119
8900000554126
8900000554218
8900000554225
8900000554232
8900000554249
8900000554256
8900000554263
8900000554270
8900000555703
8900000555710
8900000555727
8900000555734
8900000555741
8900000555758
8900000555765
8900000558599
8900000558605
8900000558612
8900000558629
8900000558636
8900000558643
8900000558650
8900000559565
8900000559572
8900000559589
8900000559596
8900000559602
8900000559619
8900000559626
8900000559954
8900000559961
8900000559978
8900000559985
8900000559992
8900000560004
8900000560011
8900000561018
8900000561025
8900000561032
8900000561049
8900000561056
8900000561063
8900000561070
8900000561087
8900000561094
8900000561100
8900000561117
8900000561124
8900000561131
8900000561148
8900000561155
8900000561162
8900000563548
8900000563555
8900000563562
8900000563579
8900000563586
8900000563593
8900000563609
8900000563616
8900000563623
8900000563630
8900000563647
8900000563654
8900000563661
8900000563678
8900000563685
8900000563692
8900000563708
8900000563715
8900000563722
8900000563739
8900000563746
8900000563753
8900000563760
8900000563777
8900000563784
8900000563791
8900000563807
8900000563814
8900000563821
8900000563838
8900000563845
8900000563852
8900000563869
8900000563876
8900000563883
8900000563890
8900000563906
8900000563913
8900000563920
8900000563937
8900000563944
8900000563951
8900000563968
8900000563975
8900000564026
8900000564033
8900000564040
8900000564057
8900000564064
8900000564071
8900000564088
8900000564095
8900000568291
8900000568307
8900000568314
8900000568321
8900000568338
8900000568345
8900000568352
8900000568369
8900000568772
8900000568789
8900000568796
8900000568802
8900000569052
8900000569069
8900000569076
8900000569083
8900000570638
8900000570645
8900000574612
8900000574629
8900000574636
8900000574643
8900000574650
8900000574667
8900000574674
8900000575992
8900000576005
8900000576012
8900000576029
8900000579686
8900000579693
8900000579709
8900000579716
8900000583614
8900000583645
8900000583652
8900000583669
8900000583676
8900000583683
8900000583690
8900000583706
8900000584499
8900000584505
8900000584512
8900000584529
8900000584536
8900000584543
8900000584550
8900000587667
8900000587674
8900000587681
8900000587698
8900000587780
8900000587797
8900000587803
8900000587810
8900000520183
8900000520190
8900000520206
8900000520213
8900000520220
8900000520237
8900000520244
8900000520251
8900000520428
8900000520435
8900000520442
8900000520459
8900000520466
8900000520473
8900000520480
8900000520497
8900000521142
8900000521159
8900000521166
8900000521173
8900000521180
8900000521197
8900000521203
8900000521210
8900000521548
8900000521555
8900000521562
8900000521579
8900000521586
8900000521593
8900000521609
8900000521616
8900000522101
8900000522118
8900000522125
8900000522132
8900000522149
8900000522156
8900000522163
8900000522170
8900000525102
8900000525119
8900000525126
8900000525133
8900000525423
8900000525430
8900000525447
8900000525454
8900000525829
8900000525836
8900000525843
8900000525850
8900000525867
8900000525874
8900000525881
8900000525898
8900000526628
8900000526635
8900000526642
8900000526659
8900000526666
8900000526673
8900000526680
8900000526697
8900000526703
8900000526710
8900000526727
8900000526734
8900000526901
8900000526918
8900000526925
8900000526932
8900000526949
8900000526956
8900000526963
8900000526970
8900000527717
8900000527724
8900000527731
8900000527748
8900000527755
8900000527762
8900000527779
8900000527786
8900000527793
8900000527809
8900000527816
8900000527823
8900000527830
8900000527847
8900000527854
8900000527861
8900000527878
8900000527885
8900000527892
8900000527908
8900000528110
8900000528127
8900000528134
8900000528141
8900000528158
8900000528165
8900000528172
8900000528189
8900000528394
8900000528400
8900000528417
8900000528424
8900000528431
8900000528448
8900000528455
8900000528462
8900000528639
8900000528646
8900000528653
8900000528660
8900000528677
8900000528684
8900000528691
8900000528707
8900000528950
8900000528967
8900000528974
8900000528981
8900000528998
8900000529001
8900000529018
8900000529025
8900000529896
8900000529902
8900000529919
8900000529926
8900000529933
8900000529940
8900000529957
8900000529964
8900000529971
8900000529988
8900000529995
8900000530007
8900000530014
8900000530021
8900000530038
8900000530045
8900000531738
8900000531745
8900000531752
8900000531769
8900000531776
8900000531783
8900000531790
8900000531806
8900000531974
8900000531981
8900000531998
8900000532001
8900000546145
8900000546152
8900000546169
8900000546176
8900000546183
8900000546190
8900000546206
8900000551569
8900000551576
8900000551583
8900000551590
8900000551606
8900000551613
8900000551620
8900000554287
8900000554294
8900000554300
8900000554317
8900000554324
8900000554331
8900000554348
8900000554355
8900000554362
8900000554379
8900000554386
8900000554393
8900000554409
8900000554416
8900000554560
8900000554577
8900000554584
8900000554591
8900000554607
8900000554614
8900000554621
8900000554775
8900000554782
8900000554799
8900000554805
8900000554812
8900000554829
8900000554836
8900000555123
8900000555130
8900000555147
8900000555154
8900000555161
8900000555178
8900000555185
8900000555420
8900000555437
8900000555444
8900000555451
8900000555468
8900000555475
8900000555482
8900000555635
8900000555642
8900000555659
8900000555666
8900000555673
8900000555680
8900000555697
8900000556007
8900000556014
8900000556021
8900000556038
8900000556045
8900000556052
8900000556069
8900000556144
8900000556151
8900000556168
8900000556175
8900000556182
8900000556199
8900000556205
8900000556212
8900000556229
8900000556236
8900000556243
8900000556250
8900000556267
8900000556274
8900000556281
8900000556298
8900000556304
8900000556311
8900000556328
8900000556335
8900000556342
8900000556359
8900000556366
8900000556373
8900000556380
8900000556397
8900000556403
8900000556410
8900000556496
8900000556502
8900000556519
8900000556526
8900000556533
8900000556540
8900000556557
8900000556564
8900000556571
8900000556588
8900000556595
8900000556601
8900000556618
8900000556625
8900000556632
8900000556649
8900000556656
8900000556663
8900000556670
8900000556687
8900000556694
8900000559633
8900000559640
8900000559657
8900000559664
8900000559671
8900000559688
8900000559695
8900000560738
8900000560745
8900000560752
8900000560769
8900000561407
8900000561414
8900000561421
8900000561438
8900000562121
8900000562138
8900000562145
8900000562152
8900000562169
8900000562176
8900000562183
8900000562190
8900000562206
8900000562213
8900000562220
8900000562237
8900000562244
8900000562251
8900000562268
8900000562275
8900000562282
8900000562299
8900000562305
8900000562312
8900000562329
8900000562350
8900000562367
8900000562374
8900000562381
8900000562398
8900000562404
8900000562411
8900000562428
8900000562435
8900000562442
8900000562459
8900000562466
8900000562473
8900000562480
8900000563982
8900000563999
8900000564002
8900000564019
8900000564309
8900000564316
8900000564323
8900000564330
8900000564347
8900000564354
8900000564361
8900000564378
8900000566433
8900000566440
8900000566457
8900000566464
8900000577071
8900000577088
8900000577095
8900000577101
8900000577118
8900000577125
8900000577132
8900000581290
8900000581306
8900000581313
8900000581320
8900000581467
8900000589104
8900000589111
8900000589128
8900000589135
8900000589142
8900000589159
8900000589166
8900000524587
8900000524594
8900000524600
8900000524617
8900000524624
8900000524631
8900000524648
8900000524655
8900000528790
8900000528806
8900000528813
8900000528820
8900000528837
8900000528844
8900000528851
8900000528868
8900000530458
8900000530465
8900000530472
8900000530489
8900000530496
8900000530502
8900000530519
8900000530526
8900000553457
8900000553464
8900000553471
8900000553488
8900000553495
8900000553501
8900000553518
8900000553525
8900000564187
8900000564194
8900000564200
8900000564217
8900000564224
8900000564231
8900000564248
8900000564255
8900000523146
8900000523153
8900000523160
8900000523177
8900000523184
8900000523191
8900000523207
8900000523214
8900000524181
8900000524198
8900000524204
8900000524211
8900000524228
8900000524235
8900000524242
8900000524259
8900000524709
8900000524716
8900000524723
8900000524730
8900000524747
8900000524754
8900000524761
8900000524778
8900000524785
8900000524792
8900000524808
8900000524815
8900000525027
8900000525034
8900000525041
8900000525058
8900000530137
8900000530144
8900000530151
8900000530168
8900000530175
8900000530182
8900000530199
8900000530205
8900000560851
8900000560868
8900000560875
8900000560882
8900000560899
8900000560905
8900000560912
8900000560929
8900000555260
8900000555277
8900000546374
8900000546381
8900000552818
8900000552825
8900000585892
8900000585908
8900000585915
8900000585922
8900000587322
8900000587339
8900000587346
8900000587353
8900000587360
8900000587377
8900000587384
8900000587391
8900000587483
8900000587490
8900000587506
8900000587513
8900000587520
8900000587537
8900000587544
8900000587551
8900000589241
8900000589258
8900000390472
8900000390496
8900000390502
8900000390519
8900000390526
8900000390533
8900000390540
8900000390557
8900000390571
8900000390588
8900000390601
8900000394210
8900000394227
8900000394234
8900000394241
8900000394258
8900000532094
8900000532100
8900000532117
8900000532124
8900000532131
8900000532148
8900000532155
8900000532162
8900000532612
8900000532629
8900000532636
8900000532643
8900000532650
8900000532667
8900000532674
8900000532681
8900000534036
8900000534043
8900000534050
8900000534067
8900000534074
8900000534081
8900000534098
8900000534104
8900000535262
8900000535279
8900000535286
8900000535293
8900000575596
8900000575602
8900000575619
8900000575626
8900000575633
8900000575640
8900000575657
8900000575664
8900000575954
8900000575961
8900000575978
8900000575985
8900000583478
8900000583485
8900000583492
8900000583508
8900000583515
8900000583522
8900000583539
8900000583621
8900000583638
8900000587940
8900000587957
8900000587964
8900000587971
8900000587988
8900000587995
8900000588008
8900000588015
8900000589043
8900000589050
8900000589067
8900000589074
8900000589081
8900000589098
8900000589173
8900000589180
8900000589197
8900000589333
8900000589340
8900000589357
8900000589364
8900000589371
8900000589388
8900000589395
8900000526260
8900000526277
8900000526284
8900000526291
8900000526307
8900000526314
8900000526321
8900000526338
8900000582099
8900000582105
8900000582112
8900000582129
8900000545872
8900000545889
8900000546121
8900000546138
8900000551774
8900000551781
8900000552634
8900000552641
8900000553044
8900000553051
8900000553136
8900000553143
8900000559404
8900000559411
8900000559770
8900000559787
8900000560448
8900000560455
8900000580491
8900000580507
8900000580514
8900000580521
8900000580668
8900000580675
8900000582051
8900000582068
8900000582075
8900000582082
8900000584383
8900000584390
8900000584475
8900000584482
8900000519231
8900000519248
8900000519255
8900000519262
8900000519279
8900000519286
8900000519293
8900000519309
8900000532292
8900000532308
8900000532315
8900000532322
8900000532339
8900000532346
8900000532353
8900000532360
8900000532452
8900000532469
8900000532476
8900000532483
8900000532490
8900000532506
8900000532513
8900000532520
8900000559930
8900000559947
8900000574575
8900000574582
8900000583546
8900000583553
8900000583560
8900000583577
8900000583584
8900000583591
8900000583607
8900000545964
8900000545971
8900000552726
8900000552733
8900000555772
8900000555789
8900000574551
8900000574568
