Barcode	Qty
8900000002641	1
8900000002788	1
8900000003457	1
8900000004225	1
8900000004249	1
8900000004331	1
8900000005635	3
8900000005819	1
8900000005826	3
8900000005888	4
8900000005987	1
8900000006045	1
8900000006076	1
8900000006250	5
8900000006281	1
8900000006311	5
8900000006397	1
8900000008414	1
8900000008964	1
8900000009053	3
8900000009060	2
8900000009084	2
8900000010318	3
8900000016303	3
8900000016815	2
8900000016846	2
8900000016853	3
8900000016860	1
8900000016884	3
8900000016921	6
8900000016938	1
8900000017003	9
8900000017010	4
8900000017034	4
8900000017065	12
8900000017072	1
8900000017096	5
8900000017126	6
8900000017157	5
8900000017188	4
8900000018482	1
8900000019090	1
8900000019106	1
8900000020317	1
8900000020355	3
8900000020584	2
8900000021314	4
8900000021536	8
8900000021543	1
8900000022717	1
8900000025206	6
8900000025237	6
8900000025244	1
8900000025251	2
8900000026265	1
8900000026937	1
8900000027132	1
8900000030668	3
8900000033768	1
8900000036486	6
8900000036493	2
8900000036691	3
8900000036707	5
8900000036714	7
8900000036721	1
8900000036745	7
8900000036752	16
8900000036776	15
8900000037018	1
8900000037025	1
8900000037032	4
8900000037063	1
8900000037070	4
8900000037087	12
8900000037094	7
8900000037100	5
8900000037780	2
8900000038619	1
8900000041541	1
8900000041664	1
8900000043606	1
8900000044177	1
8900000044696	1
8900000044917	1
8900000045471	1
8900000046171	1
8900000046270	1
8900000046379	2
8900000049905	1
8900000050710	1
8900000050819	4
8900000050826	1
8900000050871	3
8900000050895	5
8900000050970	2
8900000051267	1
8900000052325	3
8900000052639	1
8900000055555	2
8900000055616	2
8900000055951	2
8900000056019	1
8900000056026	2
8900000056040	1
8900000056057	1
8900000056316	3
8900000060153	4
8900000060207	4
8900000060306	1
8900000060351	3
8900000060481	2
8900000062577	1
8900000063130	1
8900000063147	2
8900000063154	1
8900000063185	1
8900000063635	1
8900000065400	1
8900000065431	1
8900000065455	2
8900000065554	1
8900000065608	1
8900000065974	3
8900000066070	2
8900000066094	2
8900000067220	1
8900000067237	5
8900000067251	4
8900000067503	1
8900000067794	1
8900000068029	4
8900000068470	1
8900000068487	1
8900000068548	1
8900000068555	1
8900000068579	1
8900000068678	1
8900000070237	1
8900000070244	2
8900000070305	1
8900000070534	2
8900000070541	2
8900000070565	1
8900000070848	2
8900000070893	4
8900000073863	1
8900000076246	1
8900000076277	1
8900000077441	1
8900000078882	1
8900000078998	1
8900000080380	2
8900000080427	1
8900000082421	1
8900000082438	1
8900000082681	1
8900000082698	3
8900000082766	3
8900000082957	1
8900000082964	1
8900000083039	1
8900000083688	1
8900000083701	1
8900000085453	1
8900000085644	1
8900000085811	3
8900000085927	1
8900000086610	1
8900000086641	9
8900000086658	1
8900000086740	1
8900000086818	1
8900000086924	1
8900000086962	1
8900000087341	5
8900000087358	5
8900000087396	1
8900000087631	1
8900000089444	1
8900000089451	1
8900000089772	1
8900000089789	2
8900000089802	2
8900000089819	1
8900000089826	2
8900000090600	2
8900000090747	2
8900000090921	3
8900000091362	2
8900000091423	1
8900000091461	3
8900000091881	1
8900000093205	1
8900000093519	4
8900000093656	1
8900000093700	1
8900000093731	1
8900000093762	2
8900000093809	3
8900000093823	1
8900000093885	1
8900000093960	3
8900000094141	4
8900000094189	1
8900000094202	1
8900000094240	1
8900000094264	7
8900000094301	1
8900000094400	1
8900000094462	12
8900000094530	2
8900000094547	2
8900000094585	2
8900000094745	1
8900000094882	2
8900000094905	3
8900000095414	1
8900000098255	1
8900000098576	17
8900000098583	17
8900000098606	16
8900000098910	1
8900000099818	17
8900000099825	14
8900000099832	19
8900000099849	8
8900000100132	1
8900000100187	1
8900000100699	1
8900000100705	1
8900000100729	1
8900000100811	1
8900000100828	5
8900000100835	13
8900000100842	27
8900000100866	2
8900000101429	20
8900000101436	47
8900000101443	37
8900000101450	12
8900000101474	17
8900000101481	19
8900000101498	19
8900000101504	8
8900000102150	2
8900000102372	1
8900000102518	2
8900000102679	1
8900000103744	1
8900000103751	2
8900000103768	1
8900000103782	1
8900000104789	2
8900000104796	6
8900000104802	10
8900000104819	6
8900000104826	1
8900000104833	2
8900000105229	1
8900000105885	8
8900000105892	9
8900000105908	2
8900000105915	13
8900000105922	19
8900000105939	12
8900000105946	7
8900000106332	5
8900000106356	2
8900000106370	6
8900000106387	2
8900000106486	3
8900000106769	1
8900000108565	1
8900000108619	1
8900000109890	1
8900000110728	33
8900000110735	50
8900000110742	36
8900000110759	26
8900000110773	33
8900000110780	40
8900000110797	21
8900000110803	26
8900000114665	2
8900000115105	1
8900000115815	1
8900000115822	4
8900000115853	1
8900000116393	20
8900000116409	24
8900000116416	41
8900000116423	36
8900000116447	96
8900000116454	98
8900000116461	53
8900000116478	15
8900000117192	1
8900000117758	1
8900000118342	1
8900000118595	3
8900000118601	6
8900000118618	11
8900000118625	21
8900000118632	14
8900000118649	12
8900000118656	14
8900000118762	1
8900000118823	42
8900000118830	28
8900000118847	33
8900000118854	93
8900000118861	53
8900000118878	9
8900000118885	1
8900000118953	2
8900000119141	20
8900000119158	25
8900000119165	26
8900000119172	5
8900000119196	14
8900000119202	14
8900000119219	23
8900000119226	5
8900000124534	1
8900000125654	24
8900000125661	23
8900000126477	1
8900000126866	1
8900000126941	1
8900000126958	1
8900000128457	1
8900000129270	1
8900000129454	2
8900000129911	6
8900000129928	7
8900000129935	7
8900000129942	4
8900000129966	6
8900000129973	1
8900000129980	4
8900000130016	1
8900000130146	1
8900000130467	31
8900000130474	43
8900000130481	20
8900000130542	27
8900000130559	46
8900000130566	34
8900000130573	10
8900000130597	19
8900000130603	20
8900000130610	20
8900000130627	13
8900000131754	1
8900000132522	1
8900000132577	1
8900000136643	1
8900000138036	1
8900000138043	1
8900000140688	1
8900000140886	2
8900000140923	1
8900000140930	2
8900000140961	3
8900000140978	2
8900000141043	5
8900000141050	8
8900000141920	14
8900000141937	28
8900000141944	18
8900000141951	5
8900000141975	8
8900000141982	10
8900000141999	11
8900000142002	6
8900000142644	11
8900000142880	2
8900000142897	1
8900000143016	3
8900000143023	1
8900000143047	6
8900000143054	15
8900000143061	1
8900000143078	4
8900000143085	6
8900000143092	7
8900000143139	8
8900000144228	1
8900000144235	1
8900000144624	2
8900000144631	4
8900000144648	1
8900000144662	7
8900000144679	10
8900000145478	1
8900000146321	1
8900000146918	1
8900000147618	2
8900000147861	1
8900000150601	5
8900000150618	8
8900000150625	4
8900000150632	3
8900000151042	1
8900000151745	1
8900000151769	1
8900000151813	2
8900000151943	1
8900000152612	9
8900000152629	3
8900000152667	8
8900000152674	9
8900000153138	2
8900000153145	2
8900000153213	6
8900000153220	8
8900000153237	5
8900000153244	4
8900000153251	10
8900000153268	1
8900000153305	5
8900000153312	1
8900000153350	7
8900000153367	4
8900000153381	1
8900000153404	11
8900000153411	2
8900000153428	4
8900000153503	1
8900000153510	1
8900000154593	1
8900000154647	1
8900000154814	3
8900000154838	1
8900000155460	1
8900000155712	1
8900000156658	2
8900000156931	2
8900000156948	11
8900000157105	3
8900000157112	1
8900000157433	12
8900000157440	28
8900000157457	12
8900000157464	10
8900000157488	12
8900000157495	14
8900000157501	5
8900000157518	16
8900000157525	26
8900000157532	18
8900000157549	15
8900000157556	13
8900000157563	21
8900000157570	16
8900000157778	1
8900000157877	4
8900000157884	1
8900000157990	1
8900000158126	1
8900000158492	7
8900000158508	4
8900000158515	9
8900000158546	10
8900000158553	9
8900000158560	6
8900000158645	6
8900000158751	4
8900000158980	1
8900000159062	2
8900000159093	1
8900000159178	3
8900000159185	1
8900000159215	2
8900000159420	1
8900000159499	1
8900000159598	1
8900000159666	1
8900000159673	5
8900000159703	1
8900000159710	3
8900000160525	1
8900000160679	2
8900000160686	10
8900000160693	3
8900000160877	4
8900000160884	5
8900000160891	1
8900000160921	1
8900000160990	2
8900000161003	10
8900000161010	1
8900000161775	1
8900000161843	1
8900000161959	12
8900000161966	9
8900000161973	6
8900000161980	1
8900000162192	26
8900000162208	28
8900000162215	13
8900000162222	5
8900000162857	17
8900000162864	20
8900000162871	25
8900000162888	6
8900000162932	5
8900000163342	19
8900000163359	11
8900000163427	9
8900000163649	28
8900000163656	17
8900000163663	10
8900000163670	5
8900000164523	1
8900000164684	12
8900000164691	12
8900000164707	2
8900000164721	18
8900000164738	17
8900000164745	15
8900000164752	8
8900000164882	8
8900000164899	9
8900000164905	3
8900000165018	26
8900000165025	11
8900000165056	9
8900000165063	6
8900000165254	7
8900000165278	6
8900000165285	4
8900000165292	6
8900000165308	5
8900000165315	5
8900000165797	1
8900000166022	13
8900000166039	3
8900000166046	3
8900000166107	6
8900000166114	1
8900000166169	1
8900000166428	5
8900000166442	17
8900000166459	43
8900000166466	35
8900000166473	30
8900000166480	18
8900000166497	11
8900000166503	5
8900000166534	3
8900000166558	5
8900000166565	8
8900000166572	9
8900000166589	1
8900000166749	1
8900000166848	1
8900000166855	1
8900000166992	1
8900000167470	20
8900000167487	18
8900000167494	12
8900000167500	6
8900000167517	9
8900000167524	11
8900000167531	14
8900000167548	5
8900000167555	4
8900000167562	6
8900000167579	10
8900000167586	11
8900000167593	11
8900000167609	19
8900000167616	9
8900000167623	4
8900000167630	4
8900000167975	1
8900000167999	4
8900000168002	4
8900000168026	3
8900000168637	1
8900000168644	1
8900000169009	8
8900000169016	12
8900000169030	2
8900000169047	12
8900000169054	12
8900000169061	9
8900000169085	13
8900000169092	10
8900000169108	9
8900000169115	12
8900000169122	2
8900000169146	1
8900000169184	3
8900000169191	8
8900000169917	2
8900000170234	4
8900000170241	4
8900000170272	1
8900000170289	1
8900000170470	1
8900000170487	2
8900000170517	14
8900000170524	12
8900000170531	3
8900000170555	16
8900000170562	11
8900000170579	10
8900000170593	9
8900000170609	6
8900000170616	14
8900000170630	7
8900000170647	5
8900000170654	6
8900000170661	1
8900000170715	5
8900000170722	18
8900000170739	14
8900000170746	7
8900000170760	3
8900000170784	8
8900000171286	1
8900000171293	1
8900000171309	3
8900000171460	2
8900000171910	5
8900000172542	13
8900000172559	13
8900000172566	6
8900000172597	5
8900000172603	2
8900000172689	1
8900000172740	13
8900000172757	23
8900000172764	9
8900000172771	2
8900000172962	1
8900000173020	1
8900000173082	1
8900000174065	1
8900000174249	2
8900000174287	2
8900000174300	4
8900000174423	1
8900000174430	7
8900000174553	2
8900000174560	4
8900000174577	1
8900000175291	5
8900000175338	3
8900000175345	1
8900000175413	1
8900000175499	1
8900000176625	4
8900000176632	2
8900000176649	2
8900000176854	2
8900000176861	2
8900000176878	3
8900000177196	1
8900000177202	4
8900000177271	1
8900000177554	1
8900000177752	2
8900000177776	2
8900000178636	3
8900000178643	1
8900000178759	2
8900000179060	17
8900000179077	21
8900000179084	16
8900000179091	3
8900000179107	15
8900000179114	19
8900000179121	9
8900000179305	14
8900000179312	18
8900000179329	15
8900000179336	54
8900000179343	27
8900000179350	30
8900000179367	18
8900000179374	12
8900000179381	5
8900000179480	1
8900000179503	1
8900000180127	1
8900000180356	1
8900000180363	3
8900000181117	1
8900000181773	1
8900000183029	1
8900000183173	1
8900000183203	1
8900000183289	1
8900000183401	1
8900000183418	2
8900000183425	4
8900000183579	1
8900000183647	5
8900000183654	5
8900000183715	18
8900000183739	12
8900000183746	8
8900000183753	10
8900000183760	7
8900000183777	8
8900000184699	4
8900000184705	12
8900000184712	13
8900000184729	23
8900000184736	45
8900000184743	25
8900000184750	17
8900000184767	7
8900000185122	1
8900000187010	1
8900000187386	1
8900000187997	1
8900000188277	1
8900000188451	4
8900000188468	4
8900000188567	2
8900000188574	2
8900000188956	3
8900000188963	8
8900000188987	3
8900000189038	2
8900000189083	1
8900000189090	4
8900000189106	3
8900000189144	22
8900000189151	9
8900000189274	9
8900000189281	28
8900000189304	9
8900000189311	13
8900000189328	21
8900000189335	8
8900000189373	1
8900000189397	5
8900000189564	1
8900000189762	1
8900000190331	2
8900000190348	5
8900000190393	1
8900000191055	1
8900000191666	2
8900000191901	2
8900000193769	2
8900000193776	3
8900000193806	5
8900000193813	1
8900000194063	1
8900000194766	1
8900000195428	2
8900000195435	1
8900000195442	1
8900000195459	3
8900000195466	6
8900000195473	3
8900000195558	1
8900000195800	1
8900000195893	1
8900000195916	2
8900000196654	1
8900000196678	6
8900000196890	1
8900000197828	1
8900000198085	2
8900000199495	2
8900000199501	4
8900000199518	6
8900000199525	3
8900000199532	5
8900000199549	5
8900000199891	1
8900000199907	1
8900000200030	1
8900000200351	3
8900000200368	2
8900000200375	8
8900000200382	5
8900000200399	10
8900000200405	6
8900000202607	1
8900000202614	4
8900000202621	11
8900000202638	11
8900000202645	8
8900000202652	6
8900000202874	1
8900000203154	4
8900000203178	10
8900000203185	9
8900000203192	2
8900000203307	1
8900000203536	1
8900000203543	3
8900000204427	1
8900000204724	3
8900000204731	1
8900000204748	3
8900000204755	4
8900000204762	5
8900000204885	4
8900000204892	6
8900000204915	8
8900000204922	8
8900000204991	1
8900000205226	1
8900000205486	1
8900000205820	7
8900000205837	3
8900000205950	1
8900000206278	1
8900000206698	1
8900000206704	2
8900000206728	2
8900000206735	9
8900000206742	3
8900000206858	2
8900000207008	2
8900000207015	4
8900000207251	1
8900000207282	7
8900000207312	1
8900000207374	6
8900000207381	12
8900000207398	9
8900000207404	3
8900000207558	1
8900000207947	1
8900000208296	6
8900000208302	10
8900000208319	7
8900000208326	3
8900000208333	1
8900000208340	6
8900000208357	2
8900000208364	2
8900000208371	8
8900000208388	17
8900000208395	12
8900000208401	8
8900000208418	5
8900000208425	8
8900000208432	3
8900000208449	5
8900000208500	1
8900000208517	1
8900000208579	10
8900000208647	9
8900000208654	6
8900000208661	2
8900000209392	1
8900000209408	3
8900000209552	2
8900000209569	8
8900000209576	4
8900000209606	1
8900000209613	1
8900000209637	11
8900000209644	12
8900000209651	8
8900000209668	3
8900000209675	4
8900000209682	7
8900000209699	3
8900000209705	1
8900000209712	6
8900000209729	19
8900000209736	13
8900000209750	1
8900000209767	2
8900000209774	1
8900000209873	5
8900000209880	7
8900000209897	4
8900000210596	9
8900000210602	18
8900000210626	8
8900000210633	4
8900000210640	4
8900000211531	1
8900000211593	1
8900000211609	2
8900000211616	2
8900000211630	1
8900000211647	1
8900000211654	1
8900000212408	1
8900000212415	1
8900000212422	3
8900000212446	2
8900000212460	4
8900000212484	2
8900000212491	11
8900000212699	4
8900000212705	1
8900000212842	1
8900000212897	1
8900000213177	1
8900000213207	1
8900000213276	1
8900000213290	2
8900000213320	1
8900000213337	1
8900000213481	2
8900000213498	2
8900000213870	9
8900000213887	11
8900000213894	8
8900000213900	2
8900000214044	6
8900000214051	1
8900000214068	1
8900000214525	1
8900000214587	15
8900000214594	38
8900000214600	26
8900000214617	9
8900000214624	9
8900000214631	16
8900000214648	15
8900000214655	9
8900000214679	1
8900000215065	4
8900000215072	7
8900000215089	1
8900000215584	1
8900000215676	6
8900000215683	17
8900000215690	10
8900000215706	3
8900000215713	2
8900000215720	7
8900000215737	6
8900000215744	4
8900000216000	2
8900000216017	6
8900000216024	15
8900000216031	12
8900000216048	5
8900000216055	5
8900000216062	2
8900000216093	5
8900000216291	2
8900000216307	1
8900000216376	1
8900000216536	3
8900000216697	3
8900000216703	1
8900000216857	4
8900000216864	1
8900000216925	14
8900000216932	10
8900000217168	2
8900000217199	1
8900000217304	2
8900000217311	3
8900000217328	5
8900000217359	1
8900000217366	2
8900000217380	13
8900000217397	6
8900000217403	4
8900000217540	8
8900000217557	14
8900000217564	13
8900000217588	7
8900000217595	7
8900000217601	4
8900000217748	4
8900000217755	3
8900000217779	1
8900000217786	2
8900000217793	3
8900000217809	7
8900000217823	4
8900000217830	9
8900000217847	3
8900000218080	4
8900000218097	7
8900000218103	11
8900000218110	4
8900000218127	3
8900000218165	2
8900000218202	1
8900000218318	1
8900000218325	3
8900000218387	12
8900000218394	29
8900000218400	7
8900000218417	5
8900000218424	3
8900000218431	6
8900000218448	5
8900000218455	2
8900000218493	1
8900000218561	1
8900000218622	3
8900000218639	1
8900000218677	3
8900000218745	6
8900000218752	11
8900000218769	7
8900000218783	1
8900000218790	3
8900000218806	3
8900000218974	2
8900000219032	2
8900000219155	4
8900000219162	12
8900000219179	7
8900000219186	1
8900000219193	7
8900000219209	12
8900000219216	11
8900000219278	6
8900000219285	12
8900000219292	10
8900000219315	5
8900000219322	14
8900000219339	3
8900000219353	9
8900000219360	7
8900000219377	8
8900000219384	4
8900000219391	3
8900000219407	5
8900000219414	2
8900000219421	5
8900000219599	7
8900000219605	15
8900000219612	5
8900000219629	2
8900000219636	6
8900000219643	7
8900000219650	3
8900000219674	5
8900000219681	12
8900000219698	3
8900000220069	8
8900000220076	24
8900000220083	14
8900000220106	12
8900000220113	14
8900000220120	8
8900000220182	2
8900000220199	10
8900000220205	12
8900000220328	3
8900000220342	1
8900000220434	2
8900000220458	10
8900000220465	24
8900000220472	20
8900000220489	1
8900000220496	9
8900000220502	13
8900000220519	8
8900000220571	9
8900000220588	13
8900000220595	13
8900000220618	7
8900000220625	13
8900000220632	13
8900000220670	1
8900000220694	3
8900000220700	2
8900000220779	4
8900000220786	8
8900000220823	1
8900000220830	1
8900000220946	3
8900000220953	1
8900000221172	1
8900000221189	2
8900000221332	1
8900000221417	1
8900000221424	2
8900000221721	1
8900000221899	1
8900000221905	10
8900000221912	8
8900000222049	4
8900000222056	12
8900000222063	11
8900000222087	1
8900000222094	4
8900000222100	3
8900000222360	4
8900000222377	3
8900000222407	1
8900000222414	1
8900000222438	4
8900000222445	8
8900000222452	7
8900000222476	1
8900000222483	3
8900000222490	5
8900000222599	9
8900000222605	10
8900000222612	10
8900000222629	2
8900000222636	3
8900000222643	8
8900000222650	4
8900000222667	2
8900000222674	6
8900000222681	3
8900000222698	3
8900000222759	1
8900000222797	1
8900000222803	5
8900000222810	4
8900000222827	2
8900000222834	1
8900000222841	3
8900000222858	1
8900000222865	1
8900000222872	1
8900000222889	6
8900000222919	4
8900000222926	11
8900000222933	7
8900000222940	2
8900000222957	1
8900000222964	4
8900000222971	3
8900000223039	1
8900000223046	2
8900000223053	2
8900000223060	1
8900000223251	2
8900000223329	1
8900000223343	1
8900000223350	6
8900000223367	2
8900000223381	1
8900000223398	1
8900000223404	1
8900000223473	6
8900000223480	1
8900000223503	22
8900000223510	21
8900000223527	13
8900000223589	1
8900000223596	3
8900000223602	4
8900000223633	1
8900000223718	6
8900000223725	2
8900000223787	2
8900000223794	4
8900000223800	3
8900000223862	10
8900000223879	28
8900000223886	19
8900000223893	1
8900000223909	5
8900000223916	3
8900000223923	6
8900000223930	4
8900000224005	1
8900000224111	5
8900000224128	3
8900000224159	1
8900000224166	3
8900000224227	3
8900000224265	1
8900000224302	1
8900000224319	10
8900000224326	9
8900000224333	3
8900000224340	2
8900000224357	7
8900000224364	7
8900000224432	3
8900000224470	1
8900000224487	2
8900000224593	1
8900000224685	2
8900000224722	1
8900000224746	1
8900000224883	2
8900000224906	3
8900000224913	17
8900000224920	19
8900000224937	2
8900000224951	3
8900000224975	2
8900000225231	7
8900000225248	7
8900000225255	4
8900000225262	1
8900000225279	3
8900000225286	5
8900000225293	1
8900000225309	1
8900000225316	5
8900000225323	11
8900000225330	5
8900000225361	1
8900000225378	1
8900000225408	1
8900000225446	1
8900000225590	4
8900000225606	5
8900000225613	6
8900000225637	11
8900000225644	14
8900000225651	6
8900000225668	2
8900000225729	1
8900000225880	1
8900000226009	2
8900000226078	1
8900000226160	1
8900000226177	1
8900000226238	3
8900000226245	1
8900000226337	2
8900000226429	1
8900000226504	1
8900000226511	3
8900000226528	1
8900000226597	4
8900000226603	1
8900000226610	1
8900000226757	1
8900000226771	1
8900000226894	3
8900000226962	4
8900000227006	1
8900000227013	3
8900000227020	2
8900000227082	1
8900000227099	4
8900000227105	1
8900000227174	2
8900000227181	1
8900000227334	1
8900000227495	3
8900000227501	1
8900000227600	1
8900000227617	4
8900000227624	3
8900000227648	4
8900000227655	10
8900000227662	7
8900000227679	1
8900000227686	5
8900000227693	7
8900000227709	8
8900000227716	1
8900000227761	1
8900000227778	3
8900000227785	5
8900000227853	8
8900000227860	1
8900000227921	1
8900000227983	1
8900000228102	1
8900000228126	1
8900000228133	2
8900000228140	1
8900000228218	2
8900000228270	1
8900000228287	13
8900000228294	8
8900000228300	1
8900000228324	2
8900000228331	1
8900000228348	1
8900000228355	1
8900000228362	4
8900000228379	1
8900000228393	1
8900000228409	3
8900000228416	2
8900000228430	1
8900000228447	8
8900000228454	4
8900000228485	1
8900000228492	1
8900000228522	1
8900000228805	3
8900000229062	2
8900000229086	25
8900000229222	1
8900000229239	1
8900000229314	2
8900000229376	9
8900000229383	29
8900000229390	21
8900000229406	3
8900000229734	3
8900000229802	2
8900000229840	4
8900000229857	1
8900000229888	3
8900000229918	1
8900000229925	1
8900000229963	1
8900000230006	7
8900000230013	3
8900000230020	1
8900000230037	39
8900000230044	43
8900000230051	7
8900000230211	1
8900000230280	2
8900000230297	4
8900000230303	1
8900000230358	4
8900000230365	7
8900000230396	2
8900000230402	4
8900000230419	1
8900000230433	1
8900000230914	1
8900000230921	2
8900000230938	1
8900000230952	16
8900000230969	21
8900000230976	13
8900000231034	9
8900000231041	11
8900000231058	4
8900000231089	5
8900000231096	3
8900000231249	2
8900000231256	2
8900000231287	12
8900000231294	11
8900000231300	6
8900000231317	5
8900000231324	6
8900000231546	1
8900000231744	2
8900000232130	7
8900000232147	7
8900000232154	7
8900000232161	6
8900000232185	7
8900000232192	7
8900000232208	7
8900000232215	8
8900000232239	5
8900000232246	5
8900000232253	3
8900000232260	3
8900000232284	5
8900000232291	5
8900000232307	5
8900000232314	5
8900000232604	2
8900000232642	2
8900000232659	3
8900000232666	4
8900000232710	2
8900000232727	5
8900000232734	3
8900000232741	1
8900000232802	1
8900000232819	2
8900000232826	2
8900000232833	1
8900000232871	1
8900000232895	3
8900000232901	1
8900000232918	1
8900000232925	1
8900000232949	1
8900000232994	3
8900000233007	1
8900000233014	4
8900000233045	1
8900000233052	2
8900000233069	1
8900000233243	1
8900000233250	10
8900000233267	6
8900000233274	2
8900000233281	1
8900000233298	8
8900000233304	6
8900000233403	8
8900000233410	9
8900000233427	6
8900000233441	2
8900000233458	7
8900000233465	5
8900000233489	1
8900000233496	3
8900000233533	1
8900000233564	12
8900000233571	14
8900000233588	8
8900000233601	2
8900000233618	5
8900000233625	2
8900000233649	4
8900000233656	5
8900000233663	3
8900000233670	11
8900000233687	15
8900000233694	13
8900000233700	6
8900000233717	7
8900000233724	3
8900000233908	1
8900000233939	1
8900000233946	1
8900000234028	2
8900000234035	2
8900000234059	4
8900000234066	2
8900000234134	9
8900000234141	13
8900000234158	11
8900000234165	1
8900000234172	7
8900000234189	8
8900000234196	8
8900000234202	3
8900000234219	1
8900000234226	1
8900000234295	1
8900000234301	1
8900000234318	1
8900000234349	1
8900000234370	4
8900000234646	2
8900000234677	2
8900000234684	3
8900000234691	1
8900000234707	1
8900000234714	2
8900000234738	1
8900000234745	7
8900000234752	4
8900000234769	2
8900000234868	1
8900000234912	1
8900000234998	3
8900000235056	1
8900000235063	1
8900000235070	1
8900000235124	5
8900000235131	1
8900000235179	2
8900000235193	2
8900000235209	5
8900000235216	2
8900000235230	1
8900000235254	1
8900000235285	2
8900000235308	1
8900000235377	1
8900000235391	2
8900000235414	4
8900000235438	2
8900000235445	3
8900000235469	2
8900000235476	1
8900000235483	1
8900000235506	1
8900000235575	2
8900000235643	3
8900000235650	2
8900000235667	1
8900000235711	1
8900000235735	3
8900000235759	7
8900000235766	1
8900000235780	2
8900000235797	1
8900000235803	1
8900000235889	1
8900000235896	2
8900000235902	3
8900000235933	2
8900000235957	1
8900000235964	1
8900000235971	1
8900000235988	3
8900000235995	2
8900000236015	2
8900000236022	1
8900000236060	2
8900000236077	1
8900000236084	1
8900000236091	1
8900000236114	10
8900000236121	7
8900000236213	14
8900000236220	21
8900000236237	18
8900000236244	2
8900000236251	9
8900000236268	14
8900000236275	15
8900000236282	4
8900000236305	3
8900000236374	6
8900000236381	12
8900000236398	6
8900000236428	4
8900000236459	7
8900000236466	8
8900000236473	5
8900000236503	1
8900000236534	9
8900000236541	14
8900000236558	7
8900000236589	6
8900000236596	3
8900000236695	8
8900000236701	9
8900000236718	1
8900000236725	5
8900000236749	1
8900000236770	9
8900000236787	9
8900000236794	6
8900000236800	1
8900000236824	4
8900000236930	1
8900000236978	1
8900000237272	1
8900000237340	2
8900000237357	14
8900000237364	3
8900000237500	11
8900000237517	21
8900000237524	6
8900000237531	1
8900000237548	1
8900000237555	5
8900000237562	3
8900000237784	1
8900000237807	4
8900000237814	4
8900000237838	12
8900000237845	9
8900000237852	1
8900000237869	4
8900000237876	10
8900000237883	13
8900000237890	2
8900000237906	1
8900000237913	8
8900000237920	9
8900000237937	1
8900000237944	4
8900000237951	11
8900000237968	16
8900000237975	1
8900000237982	3
8900000237999	9
8900000238002	11
8900000238262	7
8900000238279	7
8900000238286	6
8900000238316	2
8900000238347	9
8900000238354	17
8900000238361	15
8900000238378	1
8900000238385	4
8900000238392	6
8900000238408	8
8900000238439	1
8900000238460	3
8900000238477	16
8900000238484	15
8900000238507	2
8900000238514	11
8900000238521	6
8900000238538	1
8900000238545	4
8900000238552	13
8900000238569	12
8900000238583	2
8900000238590	3
8900000238606	4
8900000238729	2
8900000238743	24
8900000238750	32
8900000238767	17
8900000238774	4
8900000238781	6
8900000238798	15
8900000238804	8
8900000238811	1
8900000238828	29
8900000238835	35
8900000238842	21
8900000238866	6
8900000238873	14
8900000238880	11
8900000238903	6
8900000238910	11
8900000238927	6
8900000238941	1
8900000238958	9
8900000238965	3
8900000238972	1
8900000238989	5
8900000238996	19
8900000239009	18
8900000239016	5
8900000239085	2
8900000239092	1
8900000239146	1
8900000239184	19
8900000239191	29
8900000239207	15
8900000239214	3
8900000239269	21
8900000239276	29
8900000239283	15
8900000239306	5
8900000239313	14
8900000239320	5
8900000239344	5
8900000239351	18
8900000239368	17
8900000239375	3
8900000239382	4
8900000239399	9
8900000239405	6
8900000239429	26
8900000239436	34
8900000239443	20
8900000239467	4
8900000239474	12
8900000239481	8
8900000239511	2
8900000239528	1
8900000239542	4
8900000239559	11
8900000239566	3
8900000239573	1
8900000239580	2
8900000239597	14
8900000239603	2
8900000239627	18
8900000239634	12
8900000239641	6
8900000239665	5
8900000239672	9
8900000239689	6
8900000239702	13
8900000239719	16
8900000239726	10
8900000239740	5
8900000239757	10
8900000239764	5
8900000239788	20
8900000239795	28
8900000239801	15
8900000239825	1
8900000239832	11
8900000239849	5
8900000239887	1
8900000239948	6
8900000239955	15
8900000239962	13
8900000239979	4
8900000239986	2
8900000239993	2
8900000240005	2
8900000240067	21
8900000240074	23
8900000240081	14
8900000240098	1
8900000240104	2
8900000240111	9
8900000240128	6
8900000240159	1
8900000240166	4
8900000240173	19
8900000240180	20
8900000240197	11
8900000240203	5
8900000240296	23
8900000240302	25
8900000240319	13
8900000240326	3
8900000240333	3
8900000240340	14
8900000240357	5
8900000240371	15
8900000240388	15
8900000240395	6
8900000240401	4
8900000240418	1
8900000240425	7
8900000240432	1
8900000240456	17
8900000240463	25
8900000240470	13
8900000240487	1
8900000240494	2
8900000240500	6
8900000240517	4
8900000240531	2
8900000240548	1
8900000240555	1
8900000240562	2
8900000240579	13
8900000240586	6
8900000240609	1
8900000240616	2
8900000240623	5
8900000240630	5
8900000240647	7
8900000240654	7
8900000240746	1
8900000240760	2
8900000240777	4
8900000240784	9
8900000240791	6
8900000240814	2
8900000240838	1
8900000240845	1
8900000240852	3
8900000240869	1
8900000240883	1
8900000240906	2
8900000240920	1
8900000240944	5
8900000241033	1
8900000241057	6
8900000241101	3
8900000241279	10
8900000241286	16
8900000241293	12
8900000241316	4
8900000241323	7
8900000241330	5
8900000241354	11
8900000241361	19
8900000241378	15
8900000241392	4
8900000241408	7
8900000241415	5
8900000241439	21
8900000241446	28
8900000241453	15
8900000241460	2
8900000241477	2
8900000241484	9
8900000241491	5
8900000241538	1
8900000241552	8
8900000241569	17
8900000241576	15
8900000241583	7
8900000241606	7
8900000241613	6
8900000241620	4
8900000241637	2
8900000241644	11
8900000241651	10
8900000241668	7
8900000241682	1
8900000241699	1
8900000241705	4
8900000241712	7
8900000241729	15
8900000241736	11
8900000241767	1
8900000241774	1
8900000241798	22
8900000241804	28
8900000241811	17
8900000241835	3
8900000241842	10
8900000241859	6
8900000241880	1
8900000241996	3
8900000242009	11
8900000242016	22
8900000242023	26
8900000242030	12
8900000242047	9
8900000242054	2
8900000242122	1
8900000242160	4
8900000242214	1
8900000242238	3
8900000242283	1
8900000242306	8
8900000242313	16
8900000242320	14
8900000242337	8
8900000242351	7
8900000242368	6
8900000242375	4
8900000242382	7
8900000242399	15
8900000242405	11
8900000242436	2
8900000242443	1
8900000242467	6
8900000242474	15
8900000242481	11
8900000242511	3
8900000242542	5
8900000242559	5
8900000242566	4
8900000242627	1
8900000242634	2
8900000242726	3
8900000242733	16
8900000242740	7
8900000242757	7
8900000242764	4
8900000242771	1
8900000242795	1
8900000242801	10
8900000242818	6
8900000242870	1
8900000242887	5
8900000242894	4
8900000242900	3
8900000242948	3
8900000242955	5
8900000242962	14
8900000242979	15
8900000242986	2
8900000243006	1
8900000243013	1
8900000243020	1
8900000243051	1
8900000243075	1
8900000243082	1
8900000243105	5
8900000243112	4
8900000243129	10
8900000243136	1
8900000243167	2
8900000243174	1
8900000243181	1
8900000243198	7
8900000243204	4
8900000243211	10
8900000243228	7
8900000243259	1
8900000243266	1
8900000243273	1
8900000243280	3
8900000243297	5
8900000243303	4
8900000243310	5
8900000243327	1
8900000243334	2
8900000243341	1
8900000243358	1
8900000243365	1
8900000243372	6
8900000243389	5
8900000243396	9
8900000243402	1
8900000243426	1
8900000243440	2
8900000243457	1
8900000243464	5
8900000243471	5
8900000243488	11
8900000243495	2
8900000243525	1
8900000243556	7
8900000243563	2
8900000243570	10
8900000243587	1
8900000243594	1
8900000243600	2
8900000243624	1
8900000243631	1
8900000243648	7
8900000243662	12
8900000243679	8
8900000243686	2
8900000243693	1
8900000243709	1
8900000243716	20
8900000243723	25
8900000243730	15
8900000243761	9
8900000243778	4
8900000243792	14
8900000243808	29
8900000243815	15
8900000243822	3
8900000243839	2
8900000243846	7
8900000243853	10
8900000243860	2
8900000243877	25
8900000243884	32
8900000243891	35
8900000243907	12
8900000243914	14
8900000243921	15
8900000243938	15
8900000243945	3
8900000243952	3
8900000243969	4
8900000243976	3
8900000243983	2
8900000243990	2
8900000244010	1
8900000244034	19
8900000244041	28
8900000244058	15
8900000244065	1
8900000244072	2
8900000244089	9
8900000244096	5
8900000244119	14
8900000244126	27
8900000244133	25
8900000244140	3
8900000244157	6
8900000244164	15
8900000244171	16
8900000244188	1
8900000244195	19
8900000244201	26
8900000244218	16
8900000244225	1
8900000244232	1
8900000244249	7
8900000244256	6
8900000244270	22
8900000244287	23
8900000244294	18
8900000244317	1
8900000244324	12
8900000244331	5
8900000244355	3
8900000244362	8
8900000244379	7
8900000244430	15
8900000244447	35
8900000244454	20
8900000244461	5
8900000244478	2
8900000244485	12
8900000244492	9
8900000244508	5
8900000244515	3
8900000244522	5
8900000244539	4
8900000244546	4
8900000244584	3
8900000244591	6
8900000244621	6
8900000244638	6
8900000244645	12
8900000244652	23
8900000244669	22
8900000244676	2
8900000244683	5
8900000244690	12
8900000244706	12
8900000244713	1
8900000244720	5
8900000244744	4
8900000244751	4
8900000244799	4
8900000244805	12
8900000244812	22
8900000244829	18
8900000244836	1
8900000244843	6
8900000244850	15
8900000244867	14
8900000244874	2
8900000244881	8
8900000244898	10
8900000244904	5
8900000244935	4
8900000244966	26
8900000244973	31
8900000244980	22
8900000244997	7
8900000245000	5
8900000245017	15
8900000245024	12
8900000245031	3
8900000245048	19
8900000245055	18
8900000245062	16
8900000245079	1
8900000245093	10
8900000245109	5
8900000245123	10
8900000245130	21
8900000245147	19
8900000245161	10
8900000245178	13
8900000245185	13
8900000245208	12
8900000245215	21
8900000245222	19
8900000245239	2
8900000245246	5
8900000245253	16
8900000245260	11
8900000245277	2
8900000245284	11
8900000245291	20
8900000245307	18
8900000245321	5
8900000245338	14
8900000245345	11
8900000245369	29
8900000245376	32
8900000245383	21
8900000245390	6
8900000245406	6
8900000245413	16
8900000245420	11
8900000245437	5
8900000245482	9
8900000245499	10
8900000245505	17
8900000245512	7
8900000245529	16
8900000245536	15
8900000245543	21
8900000245550	12
8900000245567	4
8900000245574	10
8900000245581	7
8900000245598	1
8900000245611	2
8900000245628	2
8900000245635	2
8900000245642	23
8900000245659	25
8900000245666	18
8900000245673	3
8900000245680	4
8900000245697	13
8900000245703	7
8900000245710	1
8900000245727	25
8900000245734	35
8900000245741	20
8900000245765	3
8900000245772	12
8900000245789	6
8900000245802	14
8900000245819	16
8900000245826	20
8900000245833	8
8900000245840	14
8900000245857	18
8900000245864	21
8900000245871	11
8900000245918	2
8900000246090	1
8900000246113	23
8900000246120	28
8900000246137	36
8900000246144	18
8900000246182	2
8900000246205	2
8900000246236	2
8900000246243	4
8900000246250	8
8900000246267	11
8900000246274	11
8900000246281	3
8900000246304	1
8900000246311	1
8900000246380	11
8900000246397	25
8900000246403	15
8900000246410	5
8900000246427	5
8900000246434	7
8900000246441	10
8900000246458	5
8900000246465	9
8900000246472	13
8900000246489	21
8900000246496	10
8900000246502	23
8900000246519	25
8900000246526	15
8900000246533	4
8900000246540	2
8900000246557	10
8900000246564	7
8900000246571	1
8900000246588	29
8900000246595	34
8900000246601	21
8900000246625	5
8900000246632	15
8900000246649	11
8900000246663	13
8900000246670	24
8900000246687	17
8900000246694	5
8900000246700	4
8900000246717	8
8900000246724	6
8900000246731	5
8900000246847	1
8900000246946	1
8900000246953	4
8900000247011	1
8900000247028	3
8900000247080	2
8900000247202	1
8900000247219	3
8900000247226	18
8900000247233	24
8900000247240	20
8900000247257	16
8900000247271	1
8900000247288	3
8900000247295	4
8900000247301	10
8900000247318	12
8900000247325	2
8900000247349	9
8900000247356	12
8900000247363	7
8900000247387	1
8900000247394	5
8900000247400	4
8900000247424	16
8900000247431	25
8900000247448	14
8900000247455	12
8900000247509	17
8900000247516	32
8900000247523	22
8900000247530	7
8900000247547	5
8900000247554	11
8900000247561	10
8900000247578	3
8900000247585	2
8900000247592	1
8900000247608	6
8900000247622	5
8900000247639	2
8900000247653	1
8900000247660	3
8900000247677	5
8900000247684	2
8900000247691	3
8900000247707	1
8900000247738	1
8900000247769	2
8900000247776	2
8900000247806	3
8900000247813	4
8900000247820	2
8900000247837	3
8900000247844	1
8900000247868	4
8900000247875	7
8900000247882	13
8900000247899	34
8900000247905	33
8900000247912	14
8900000247929	6
8900000247936	1
8900000247950	9
8900000247967	16
8900000247974	16
8900000247981	1
8900000247998	4
8900000248001	8
8900000248018	8
8900000248025	1
8900000248049	17
8900000248063	4
8900000248155	7
8900000248162	21
8900000248179	14
8900000248186	7
8900000248209	1
8900000248216	2
8900000248254	2
8900000248278	13
8900000248285	16
8900000248292	19
8900000248308	5
8900000248759	11
8900000248766	25
8900000248773	16
8900000248834	9
8900000248841	22
8900000248858	13
8900000248865	6
8900000248919	9
8900000248926	21
8900000248933	11
8900000248940	6
8900000248995	13
8900000249008	18
8900000249015	19
8900000249022	6
8900000249459	16
8900000249466	29
8900000249473	16
8900000249480	6
8900000249497	4
8900000249503	11
8900000249510	8
8900000249527	5
8900000249534	18
8900000249541	31
8900000249558	20
8900000249565	6
8900000249572	3
8900000249589	14
8900000249596	9
8900000249602	5
8900000249619	11
8900000249626	21
8900000249633	15
8900000249640	5
8900000249695	10
8900000249701	20
8900000249718	13
8900000249725	6
8900000249992	2
8900000250004	18
8900000250028	41
8900000250035	25
8900000250042	11
8900000250059	5
8900000250110	20
8900000250127	30
8900000250134	19
8900000250141	11
8900000250158	4
8900000250165	17
8900000250172	19
8900000250189	6
8900000250196	14
8900000250202	28
8900000250219	20
8900000250226	4
8900000250233	5
8900000250240	11
8900000250257	10
8900000250264	7
8900000250295	2
8900000250301	2
8900000250318	1
8900000250363	2
8900000250370	1
8900000250387	1
8900000250417	3
8900000250424	5
8900000250431	3
8900000250448	5
8900000250455	1
8900000250493	5
8900000250516	1
8900000250622	3
8900000250639	2
8900000250646	1
8900000250691	3
8900000250707	2
8900000250721	1
8900000250752	18
8900000250769	28
8900000250776	21
8900000250783	6
8900000250790	11
8900000250806	17
8900000250813	18
8900000250820	8
8900000250851	2
8900000250905	13
8900000250912	20
8900000250929	29
8900000250936	12
8900000250967	5
8900000250974	4
8900000250981	2
8900000250998	1
8900000251018	13
8900000251025	17
8900000251032	14
8900000251049	2
8900000251063	1
8900000251070	5
8900000251087	3
8900000251117	1
8900000251186	7
8900000251193	17
8900000251209	13
8900000251216	9
8900000251261	2
8900000251278	17
8900000251285	11
8900000251292	10
8900000251308	1
8900000251315	5
8900000251322	8
8900000251506	1
8900000251643	1
8900000251650	2
8900000251667	2
8900000251711	3
8900000251728	2
8900000251735	2
8900000251780	2
8900000251797	5
8900000251803	3
8900000251841	6
8900000251858	18
8900000251865	19
8900000251872	17
8900000251889	8
8900000251902	3
8900000251919	4
8900000251926	8
8900000251933	7
8900000251940	6
8900000251957	1
8900000251995	4
8900000252008	7
8900000252015	6
8900000252022	1
8900000252084	9
8900000252091	23
8900000252107	17
8900000252114	8
8900000252121	13
8900000252138	27
8900000252145	21
8900000252152	6
8900000252169	7
8900000252176	8
8900000252183	9
8900000252190	6
8900000252206	18
8900000252213	15
8900000252220	33
8900000252237	11
8900000252244	16
8900000252251	18
8900000252268	17
8900000252275	5
8900000252282	10
8900000252299	18
8900000252305	14
8900000252312	9
8900000252343	3
8900000252350	7
8900000252367	7
8900000252374	4
8900000252411	3
8900000252428	6
8900000252435	6
8900000252442	1
8900000252466	8
8900000252473	21
8900000252480	18
8900000252497	9
8900000252503	11
8900000252510	15
8900000252527	18
8900000252534	7
8900000252541	8
8900000252558	11
8900000252565	8
8900000252572	3
8900000252626	10
8900000252633	17
8900000252640	19
8900000252657	6
8900000252664	14
8900000252671	23
8900000252688	18
8900000252695	3
8900000252701	5
8900000252718	8
8900000252725	10
8900000252749	6
8900000252756	11
8900000252763	11
8900000252770	3
8900000252824	13
8900000252831	34
8900000252848	21
8900000252855	6
8900000252862	5
8900000252879	11
8900000252886	8
8900000252893	5
8900000252916	2
8900000252923	13
8900000252930	18
8900000252947	18
8900000252954	7
8900000252961	8
8900000253067	1
8900000253074	5
8900000253081	13
8900000253098	19
8900000253104	19
8900000253111	12
8900000253128	7
8900000253135	3
8900000253159	14
8900000253166	20
8900000253173	11
8900000253180	3
8900000253197	3
8900000253203	9
8900000253210	6
8900000253234	13
8900000253241	24
8900000253258	18
8900000253265	6
8900000253272	4
8900000253289	9
8900000253296	8
8900000253302	5
8900000253326	7
8900000253333	18
8900000253340	19
8900000253357	24
8900000253364	17
8900000253371	10
8900000253715	1
8900000253722	1
8900000253753	21
8900000253760	26
8900000253777	16
8900000253791	3
8900000253807	9
8900000253814	6
8900000253838	24
8900000253845	28
8900000253852	13
8900000253869	1
8900000253876	4
8900000253883	9
8900000253890	6
8900000253913	20
8900000253920	28
8900000253937	18
8900000253944	3
8900000253951	4
8900000253968	11
8900000253975	7
8900000253999	1
8900000254002	5
8900000254019	12
8900000254026	21
8900000254033	24
8900000254040	16
8900000254057	7
8900000254088	1
8900000254095	1
8900000254101	2
8900000254118	6
8900000254125	5
8900000254156	2
8900000254163	4
8900000254187	2
8900000254194	5
8900000254200	4
8900000254231	2
8900000254248	2
8900000254262	11
8900000254279	11
8900000254286	8
8900000254316	5
8900000254323	4
8900000254347	18
8900000254354	21
8900000254361	11
8900000254378	1
8900000254385	3
8900000254392	7
8900000254408	5
8900000254422	22
8900000254439	26
8900000254446	15
8900000254453	3
8900000254460	4
8900000254477	8
8900000254484	5
8900000254507	6
8900000254514	6
8900000254521	15
8900000254538	2
8900000254552	3
8900000254569	2
8900000254576	9
8900000254583	11
8900000254590	5
8900000254613	2
8900000254651	9
8900000254668	12
8900000254675	11
8900000254682	1
8900000254729	1
8900000254736	1
8900000254804	5
8900000254811	5
8900000254828	4
8900000254835	3
8900000254866	24
8900000254873	31
8900000254903	33
8900000254910	40
8900000254941	8
8900000254958	16
8900000254965	12
8900000254972	2
8900000254989	3
8900000254996	8
8900000255009	7
8900000255016	1
8900000255269	5
8900000255276	7
8900000255283	4
8900000255290	4
8900000255320	9
8900000255337	24
8900000255344	20
8900000255351	2
8900000255368	5
8900000255375	11
8900000255382	10
8900000255399	2
8900000255405	1
8900000255412	5
8900000255429	7
8900000255436	10
8900000255443	2
8900000255450	8
8900000255467	14
8900000255474	12
8900000255481	2
8900000255733	22
8900000255740	28
8900000255757	17
8900000255771	3
8900000255788	10
8900000255795	7
8900000255818	22
8900000255825	5
8900000255856	4
8900000255863	1
8900000255917	8
8900000255924	23
8900000255931	14
8900000255948	9
8900000255955	1
8900000256655	26
8900000256662	30
8900000256679	16
8900000256686	1
8900000256693	3
8900000256709	10
8900000256716	7
8900000184774	6
8900000256815	26
8900000256822	36
8900000256839	22
8900000256846	3
8900000256853	5
8900000256860	16
8900000256877	11
8900000098590	13
8900000255498	14
8900000255504	40
8900000255511	15
8900000255528	9
8900000255535	7
8900000255542	3
8900000255559	10
8900000255566	7
8900000165001	4
8900000165032	6
8900000165049	1
8900000165070	5
8900000256730	6
8900000256747	12
8900000256754	10
8900000256778	3
8900000256785	8
8900000256792	9
8900000256570	23
8900000256587	23
8900000256594	16
8900000256600	1
8900000256617	2
8900000256624	10
8900000256631	7
8900000256983	4
8900000256990	28
8900000257003	36
8900000257010	33
8900000257027	20
8900000256907	5
8900000256914	8
8900000256921	31
8900000256938	38
8900000256945	18
8900000256952	11
8900000166435	11
8900000256006	2
8900000256013	4
8900000256020	3
8900000256174	3
8900000256181	5
8900000256198	4
8900000255641	1
8900000255658	9
8900000255665	5
8900000255672	25
8900000255689	15
8900000255696	12
8900000255702	6
8900000255719	1
8900000163403	11
8900000163410	15
8900000163434	5
8900000163328	34
8900000163335	30
8900000248032	12
8900000248056	8
8900000183708	7
8900000183722	9
8900000233953	1
8900000257478	7
8900000257485	13
8900000257492	12
8900000257508	1
8900000257515	4
8900000257522	7
8900000257539	10
8900000257546	1
8900000253319	1
8900000253388	4
8900000215478	17
8900000215485	27
8900000215492	20
8900000215508	6
8900000215515	5
8900000215522	11
8900000215539	8
8900000215546	4
8900000252909	2
8900000252978	4
8900000256075	9
8900000257829	18
8900000257836	35
8900000257843	21
8900000257850	6
8900000257867	4
8900000257874	10
8900000257881	10
8900000257898	5
8900000210619	11
8900000210657	4
8900000210664	5
8900000257393	42
8900000257409	55
8900000257416	31
8900000257423	6
8900000257430	7
8900000257447	20
8900000257454	15
8900000257461	3
8900000257102	12
8900000257119	27
8900000257126	22
8900000257133	6
8900000257140	4
8900000257157	8
8900000257164	8
8900000257171	4
8900000257041	6
8900000257058	9
8900000257065	28
8900000257072	38
8900000257089	17
8900000257096	12
8900000258055	18
8900000258062	35
8900000258079	22
8900000258086	7
8900000258093	5
8900000258109	11
8900000258116	10
8900000258123	4
8900000248667	3
8900000157471	10
8900000257676	4
8900000257683	11
8900000257690	15
8900000257706	13
8900000257713	12
8900000257720	7
8900000257973	17
8900000257980	34
8900000257997	21
8900000258000	5
8900000258017	8
8900000258024	16
8900000258031	12
8900000258048	6
8900000258130	16
8900000258147	31
8900000258154	24
8900000258161	7
8900000258178	4
8900000258185	8
8900000258192	10
8900000258208	6
8900000256518	1
8900000257737	6
8900000257744	9
8900000257751	18
8900000257768	22
8900000257775	21
8900000257782	17
8900000257799	13
8900000257812	9
8900000258215	6
8900000247264	7
8900000257577	7
8900000257584	9
8900000257591	16
8900000257607	23
8900000257614	23
8900000257621	17
8900000257638	9
8900000257645	9
8900000257652	5
8900000258352	1
8900000258369	3
8900000258376	2
8900000256389	3
8900000256396	2
8900000256402	3
8900000256457	3
8900000256464	1
8900000256471	2
8900000246106	7
8900000246151	12
8900000257553	8
8900000257560	6
8900000256303	1
8900000256310	2
8900000256327	1
8900000256334	1
8900000256341	1
8900000258758	5
8900000258765	12
8900000258772	12
8900000258789	4
8900000258635	5
8900000258642	10
8900000258659	18
8900000258666	15
8900000258673	9
8900000258680	7
8900000258697	2
8900000256259	1
8900000256266	2
8900000258710	5
8900000258727	13
8900000258734	10
8900000258741	4
8900000258260	19
8900000258277	33
8900000258284	24
8900000258291	5
8900000258307	9
8900000258314	15
8900000258321	12
8900000258338	6
8900000130498	8
8900000257270	1
8900000257287	3
8900000257195	1
8900000257201	3
8900000257348	2
8900000257355	2
8900000257362	3
8900000258574	8
8900000258581	8
8900000258598	5
8900000258604	1
8900000258802	5
8900000258819	9
8900000258826	15
8900000258833	12
8900000258840	11
8900000258857	8
8900000258864	2
8900000259090	4
8900000259106	1
8900000258987	7
8900000258994	12
8900000259007	21
8900000259014	14
8900000259021	11
8900000259038	7
8900000259045	3
8900000259380	60
8900000259397	30
8900000259403	10
8900000259410	5
8900000259137	9
8900000259144	17
8900000259151	11
8900000259168	3
8900000259175	6
8900000259182	7
8900000259199	6
8900000259205	3
8900000259212	6
8900000259229	11
8900000259236	10
8900000259243	2
8900000259250	5
8900000259267	6
8900000259274	5
8900000259281	2
8900000157587	15
8900000189298	19
8900000189342	5
8900000259502	8
8900000259519	17
8900000259526	11
8900000259533	7
8900000259540	4
8900000259557	6
8900000259564	6
8900000259571	5
8900000259465	4
8900000259472	6
8900000259489	7
8900000259427	11
8900000259434	16
8900000259441	9
8900000259588	11
8900000259595	15
8900000259601	13
8900000259625	6
8900000259632	10
8900000259649	7
8900000258895	6
8900000258901	11
8900000258918	16
8900000258925	14
8900000258932	11
8900000258949	9
8900000258956	5
8900000258963	3
8900000258413	2
8900000258420	3
8900000258437	3
8900000258444	5
8900000258451	5
8900000258468	2
8900000258475	2
8900000260645	8
8900000260652	17
8900000260669	11
8900000260676	3
8900000260683	4
8900000260690	6
8900000260706	4
8900000260713	4
8900000259663	47
8900000259670	51
8900000259687	32
8900000259694	10
8900000259700	15
8900000259717	28
8900000259724	26
8900000259731	8
8900000256099	2
8900000256105	6
8900000256112	6
8900000256129	8
8900000256136	3
8900000259892	3
8900000259908	8
8900000259915	8
8900000259922	8
8900000259939	4
8900000259960	4
8900000259977	8
8900000259984	6
8900000259991	7
8900000260003	2
8900000259304	6
8900000259311	11
8900000259328	20
8900000259335	18
8900000259342	11
8900000259359	7
8900000259366	1
8900000248742	3
8900000259823	5
8900000259830	9
8900000259847	14
8900000259854	14
8900000259861	4
8900000258482	2
8900000258499	3
8900000258505	4
8900000258512	4
8900000258529	2
8900000258536	2
8900000258543	2
8900000260447	4
8900000260454	8
8900000260461	8
8900000260478	8
8900000260485	4
8900000260584	4
8900000260591	9
8900000260607	14
8900000260614	13
8900000260621	5
8900000260195	6
8900000260201	11
8900000260218	20
8900000260225	17
8900000260232	9
8900000260249	8
8900000260256	4
8900000260270	49
8900000260287	55
8900000260294	36
8900000260300	10
8900000260317	16
8900000260324	29
8900000260331	25
8900000260348	7
8900000260034	3
8900000260041	9
8900000260058	14
8900000260065	14
8900000260072	3
8900000260102	5
8900000260119	12
8900000260126	20
8900000260133	20
8900000260140	8
8900000260157	7
8900000260164	3
8900000260515	4
8900000260522	6
8900000260539	7
8900000260546	5
8900000260553	3
8900000260355	25
8900000260362	12
8900000260379	33
8900000260386	11
8900000260393	17
8900000260409	12
8900000260416	30
8900000260423	11
